4,9,4,9,0,2,4,9,4,9,0,2,56,-0.0609404
4,9,4,9,0,2,4,9,4,9,0,2,58,-0.502648
4,9,4,9,0,2,4,9,4,9,0,2,60,-0.219736
4,9,4,9,0,2,4,9,4,9,0,2,62,-0.0260545
4,9,4,9,0,2,4,9,4,9,0,2,64,-0.0010039
4,9,4,9,0,2,4,9,4,9,0,2,66,-1.19383e-05
4,9,4,9,4,2,4,9,4,9,4,2,56,0.0079308
4,9,4,9,4,2,4,9,4,9,4,2,58,0.120325
4,9,4,9,4,2,4,9,4,9,4,2,60,0.0513493
4,9,4,9,4,2,4,9,4,9,4,2,62,0.00543643
4,9,4,9,4,2,4,9,4,9,4,2,64,0.000188721
4,9,4,9,4,2,4,9,4,9,4,2,66,1.73253e-06
4,9,4,9,8,2,4,9,4,9,8,2,56,0.00275653
4,9,4,9,8,2,4,9,4,9,8,2,58,0.0104325
4,9,4,9,8,2,4,9,4,9,8,2,60,3.82562e-05
4,9,4,9,8,2,4,9,4,9,8,2,62,1.0334e-06
4,9,4,9,8,2,4,9,4,9,8,2,64,1.25713e-05
4,9,4,9,8,2,4,9,4,9,8,2,66,2.77966e-07
4,9,4,9,12,2,4,9,4,9,12,2,56,0.000832549
4,9,4,9,12,2,4,9,4,9,12,2,58,0.00580128
4,9,4,9,12,2,4,9,4,9,12,2,60,0.00324629
4,9,4,9,12,2,4,9,4,9,12,2,62,0.000459554
4,9,4,9,12,2,4,9,4,9,12,2,64,1.33183e-05
4,9,4,9,12,2,4,9,4,9,12,2,66,1.08743e-07
4,9,4,9,16,2,4,9,4,9,16,2,56,0.000491757
4,9,4,9,16,2,4,9,4,9,16,2,58,0.00177575
4,9,4,9,16,2,4,9,4,9,16,2,60,0.000386109
4,9,4,9,16,2,4,9,4,9,16,2,62,2.5003e-05
4,9,4,9,16,2,4,9,4,9,16,2,64,1.1264e-06
4,9,4,9,16,2,4,9,4,9,16,2,66,-1.39937e-08
4,9,4,9,0,2,3,5,3,5,0,2,58,0.148131
4,9,4,9,0,2,3,5,3,5,0,2,60,0.248372
4,9,4,9,0,2,3,5,3,5,0,2,62,0.0641952
4,9,4,9,0,2,3,5,3,5,0,2,64,0.00528497
4,9,4,9,0,2,3,5,3,5,0,2,66,0.000156325
4,9,4,9,0,2,3,5,3,5,0,2,68,1.67169e-06
4,9,4,9,4,2,3,5,3,5,4,2,58,-0.0599227
4,9,4,9,4,2,3,5,3,5,4,2,60,-0.0650539
4,9,4,9,4,2,3,5,3,5,4,2,62,-0.0113423
4,9,4,9,4,2,3,5,3,5,4,2,64,-0.000660585
4,9,4,9,4,2,3,5,3,5,4,2,66,-1.54664e-05
4,9,4,9,4,2,3,5,3,5,4,2,68,-1.603e-07
4,9,4,9,8,2,3,5,3,5,8,2,58,0.00131702
4,9,4,9,8,2,3,5,3,5,8,2,60,-0.0114515
4,9,4,9,8,2,3,5,3,5,8,2,62,-0.00175977
4,9,4,9,8,2,3,5,3,5,8,2,64,-6.69548e-05
4,9,4,9,8,2,3,5,3,5,8,2,66,-1.83793e-06
4,9,4,9,8,2,3,5,3,5,8,2,68,-1.44716e-08
4,9,4,9,4,2,3,3,3,5,4,2,58,-0.0091593
4,9,4,9,4,2,3,5,3,3,4,2,58,0.0091593
4,9,4,9,4,2,3,3,3,5,4,2,60,-0.0100929
4,9,4,9,4,2,3,5,3,3,4,2,60,0.0100929
4,9,4,9,4,2,3,3,3,5,4,2,62,-0.00213552
4,9,4,9,4,2,3,5,3,3,4,2,62,0.00213552
4,9,4,9,4,2,3,3,3,5,4,2,64,-0.000147579
4,9,4,9,4,2,3,5,3,3,4,2,64,0.000147579
4,9,4,9,4,2,3,3,3,5,4,2,66,-3.90673e-06
4,9,4,9,4,2,3,5,3,3,4,2,66,3.90673e-06
4,9,4,9,4,2,3,3,3,5,4,2,68,-4.24099e-08
4,9,4,9,4,2,3,5,3,3,4,2,68,4.24099e-08
4,9,4,9,8,2,3,3,3,5,8,2,58,-0.00155143
4,9,4,9,8,2,3,5,3,3,8,2,58,0.00155143
4,9,4,9,8,2,3,3,3,5,8,2,60,-0.00976798
4,9,4,9,8,2,3,5,3,3,8,2,60,0.00976798
4,9,4,9,8,2,3,3,3,5,8,2,62,-0.00117606
4,9,4,9,8,2,3,5,3,3,8,2,62,0.00117606
4,9,4,9,8,2,3,3,3,5,8,2,64,-4.85836e-05
4,9,4,9,8,2,3,5,3,3,8,2,64,4.85836e-05
4,9,4,9,8,2,3,3,3,5,8,2,66,-1.0553e-06
4,9,4,9,8,2,3,5,3,3,8,2,66,1.0553e-06
4,9,4,9,8,2,3,3,3,5,8,2,68,-4.66961e-09
4,9,4,9,8,2,3,5,3,3,8,2,68,4.66961e-09
4,9,4,9,0,2,3,3,3,3,0,2,58,0.0664028
4,9,4,9,0,2,3,3,3,3,0,2,60,0.176028
4,9,4,9,0,2,3,3,3,3,0,2,62,0.0528371
4,9,4,9,0,2,3,3,3,3,0,2,64,0.00465745
4,9,4,9,0,2,3,3,3,3,0,2,66,0.000138858
4,9,4,9,0,2,3,3,3,3,0,2,68,1.44807e-06
4,9,4,9,4,2,3,3,3,3,4,2,58,-0.0153095
4,9,4,9,4,2,3,3,3,3,4,2,60,-0.0314588
4,9,4,9,4,2,3,3,3,3,4,2,62,-0.0057935
4,9,4,9,4,2,3,3,3,3,4,2,64,-0.000348092
4,9,4,9,4,2,3,3,3,3,4,2,66,-8.11174e-06
4,9,4,9,4,2,3,3,3,3,4,2,68,-8.84261e-08
4,9,4,9,4,2,3,1,3,5,4,2,58,-0.0371467
4,9,4,9,4,2,3,5,3,1,4,2,58,-0.0371467
4,9,4,9,4,2,3,1,3,5,4,2,60,-0.0246755
4,9,4,9,4,2,3,5,3,1,4,2,60,-0.0246755
4,9,4,9,4,2,3,1,3,5,4,2,62,-0.00429961
4,9,4,9,4,2,3,5,3,1,4,2,62,-0.00429961
4,9,4,9,4,2,3,1,3,5,4,2,64,-0.000287632
4,9,4,9,4,2,3,5,3,1,4,2,64,-0.000287632
4,9,4,9,4,2,3,1,3,5,4,2,66,-7.87348e-06
4,9,4,9,4,2,3,5,3,1,4,2,66,-7.87348e-06
4,9,4,9,4,2,3,1,3,5,4,2,68,-8.8673e-08
4,9,4,9,4,2,3,5,3,1,4,2,68,-8.8673e-08
4,9,4,9,4,2,3,1,3,3,4,2,58,0.0202019
4,9,4,9,4,2,3,3,3,1,4,2,58,-0.0202019
4,9,4,9,4,2,3,1,3,3,4,2,60,0.0252848
4,9,4,9,4,2,3,3,3,1,4,2,60,-0.0252848
4,9,4,9,4,2,3,1,3,3,4,2,62,0.00386389
4,9,4,9,4,2,3,3,3,1,4,2,62,-0.00386389
4,9,4,9,4,2,3,1,3,3,4,2,64,0.000215674
4,9,4,9,4,2,3,3,3,1,4,2,64,-0.000215674
4,9,4,9,4,2,3,1,3,3,4,2,66,5.37893e-06
4,9,4,9,4,2,3,3,3,1,4,2,66,-5.37893e-06
4,9,4,9,4,2,3,1,3,3,4,2,68,6.1927e-08
4,9,4,9,4,2,3,3,3,1,4,2,68,-6.1927e-08
4,9,4,9,0,2,3,1,3,1,0,2,58,0.127595
4,9,4,9,0,2,3,1,3,1,0,2,60,0.162994
4,9,4,9,0,2,3,1,3,1,0,2,62,0.0375608
4,9,4,9,0,2,3,1,3,1,0,2,64,0.00290297
4,9,4,9,0,2,3,1,3,1,0,2,66,8.46817e-05
4,9,4,9,0,2,3,1,3,1,0,2,68,9.07707e-07
3,5,4,9,4,2,3,5,4,9,4,2,57,0.000252771
4,9,3,5,4,2,3,5,4,9,4,2,57,0.000252771
3,5,4,9,4,2,4,9,3,5,4,2,57,0.000252771
0,9,3,5,4,2,4,9,3,5,4,2,57,0.000252771
3,5,4,9,4,2,3,5,4,9,4,2,59,0.00129454
4,9,3,5,4,2,3,5,4,9,4,2,59,0.00129454
3,5,4,9,4,2,4,9,3,5,4,2,59,0.00129454
0,9,3,5,4,2,4,9,3,5,4,2,59,0.00129454
3,5,4,9,4,2,3,5,4,9,4,2,61,0.000695287
4,9,3,5,4,2,3,5,4,9,4,2,61,0.000695287
3,5,4,9,4,2,4,9,3,5,4,2,61,0.000695287
0,9,3,5,4,2,4,9,3,5,4,2,61,0.000695287
3,5,4,9,4,2,3,5,4,9,4,2,63,9.367e-05
4,9,3,5,4,2,3,5,4,9,4,2,63,9.367e-05
3,5,4,9,4,2,4,9,3,5,4,2,63,9.367e-05
0,9,3,5,4,2,4,9,3,5,4,2,63,9.367e-05
3,5,4,9,4,2,3,5,4,9,4,2,65,3.63271e-06
4,9,3,5,4,2,3,5,4,9,4,2,65,3.63271e-06
3,5,4,9,4,2,4,9,3,5,4,2,65,3.63271e-06
0,9,3,5,4,2,4,9,3,5,4,2,65,3.63271e-06
3,5,4,9,4,2,3,5,4,9,4,2,67,4.65436e-08
4,9,3,5,4,2,3,5,4,9,4,2,67,4.65436e-08
3,5,4,9,4,2,4,9,3,5,4,2,67,4.65436e-08
0,9,3,5,4,2,4,9,3,5,4,2,67,4.65436e-08
3,5,4,9,6,2,3,5,4,9,6,2,57,0.00050798
4,9,3,5,6,2,3,5,4,9,6,2,57,-0.00050798
3,5,4,9,6,2,4,9,3,5,6,2,57,-0.00050798
0,9,3,5,6,2,4,9,3,5,6,2,57,0.00050798
3,5,4,9,6,2,3,5,4,9,6,2,59,0.00190794
4,9,3,5,6,2,3,5,4,9,6,2,59,-0.00190794
3,5,4,9,6,2,4,9,3,5,6,2,59,-0.00190794
0,9,3,5,6,2,4,9,3,5,6,2,59,0.00190794
3,5,4,9,6,2,3,5,4,9,6,2,61,0.000835413
4,9,3,5,6,2,3,5,4,9,6,2,61,-0.000835413
3,5,4,9,6,2,4,9,3,5,6,2,61,-0.000835413
0,9,3,5,6,2,4,9,3,5,6,2,61,0.000835413
3,5,4,9,6,2,3,5,4,9,6,2,63,0.000116831
4,9,3,5,6,2,3,5,4,9,6,2,63,-0.000116831
3,5,4,9,6,2,4,9,3,5,6,2,63,-0.000116831
0,9,3,5,6,2,4,9,3,5,6,2,63,0.000116831
3,5,4,9,6,2,3,5,4,9,6,2,65,5.90699e-06
4,9,3,5,6,2,3,5,4,9,6,2,65,-5.90699e-06
3,5,4,9,6,2,4,9,3,5,6,2,65,-5.90699e-06
0,9,3,5,6,2,4,9,3,5,6,2,65,5.90699e-06
3,5,4,9,6,2,3,5,4,9,6,2,67,1.03552e-07
4,9,3,5,6,2,3,5,4,9,6,2,67,-1.03552e-07
3,5,4,9,6,2,4,9,3,5,6,2,67,-1.03552e-07
0,9,3,5,6,2,4,9,3,5,6,2,67,1.03552e-07
3,5,4,9,8,2,3,5,4,9,8,2,57,0.000275418
4,9,3,5,8,2,3,5,4,9,8,2,57,0.000275418
3,5,4,9,8,2,4,9,3,5,8,2,57,0.000275418
0,9,3,5,8,2,4,9,3,5,8,2,57,0.000275418
3,5,4,9,8,2,3,5,4,9,8,2,59,0.000729147
4,9,3,5,8,2,3,5,4,9,8,2,59,0.000729147
3,5,4,9,8,2,4,9,3,5,8,2,59,0.000729147
0,9,3,5,8,2,4,9,3,5,8,2,59,0.000729147
3,5,4,9,8,2,3,5,4,9,8,2,61,0.000278519
4,9,3,5,8,2,3,5,4,9,8,2,61,0.000278519
3,5,4,9,8,2,4,9,3,5,8,2,61,0.000278519
0,9,3,5,8,2,4,9,3,5,8,2,61,0.000278519
3,5,4,9,8,2,3,5,4,9,8,2,63,4.18909e-05
4,9,3,5,8,2,3,5,4,9,8,2,63,4.18909e-05
3,5,4,9,8,2,4,9,3,5,8,2,63,4.18909e-05
0,9,3,5,8,2,4,9,3,5,8,2,63,4.18909e-05
3,5,4,9,8,2,3,5,4,9,8,2,65,2.25526e-06
4,9,3,5,8,2,3,5,4,9,8,2,65,2.25526e-06
3,5,4,9,8,2,4,9,3,5,8,2,65,2.25526e-06
0,9,3,5,8,2,4,9,3,5,8,2,65,2.25526e-06
3,5,4,9,8,2,3,5,4,9,8,2,67,4.89708e-08
4,9,3,5,8,2,3,5,4,9,8,2,67,4.89708e-08
3,5,4,9,8,2,4,9,3,5,8,2,67,4.89708e-08
0,9,3,5,8,2,4,9,3,5,8,2,67,4.89708e-08
3,5,4,9,10,2,3,5,4,9,10,2,57,0.00118468
4,9,3,5,10,2,3,5,4,9,10,2,57,-0.00118468
3,5,4,9,10,2,4,9,3,5,10,2,57,-0.00118468
0,9,3,5,10,2,4,9,3,5,10,2,57,0.00118468
3,5,4,9,10,2,3,5,4,9,10,2,59,0.00462172
4,9,3,5,10,2,3,5,4,9,10,2,59,-0.00462172
3,5,4,9,10,2,4,9,3,5,10,2,59,-0.00462172
0,9,3,5,10,2,4,9,3,5,10,2,59,0.00462172
3,5,4,9,10,2,3,5,4,9,10,2,61,0.00199924
4,9,3,5,10,2,3,5,4,9,10,2,61,-0.00199924
3,5,4,9,10,2,4,9,3,5,10,2,61,-0.00199924
0,9,3,5,10,2,4,9,3,5,10,2,61,0.00199924
3,5,4,9,10,2,3,5,4,9,10,2,63,0.000247862
4,9,3,5,10,2,3,5,4,9,10,2,63,-0.000247862
3,5,4,9,10,2,4,9,3,5,10,2,63,-0.000247862
0,9,3,5,10,2,4,9,3,5,10,2,63,0.000247862
3,5,4,9,10,2,3,5,4,9,10,2,65,1.01788e-05
4,9,3,5,10,2,3,5,4,9,10,2,65,-1.01788e-05
3,5,4,9,10,2,4,9,3,5,10,2,65,-1.01788e-05
0,9,3,5,10,2,4,9,3,5,10,2,65,1.01788e-05
3,5,4,9,10,2,3,5,4,9,10,2,67,1.52399e-07
4,9,3,5,10,2,3,5,4,9,10,2,67,-1.52399e-07
3,5,4,9,10,2,4,9,3,5,10,2,67,-1.52399e-07
0,9,3,5,10,2,4,9,3,5,10,2,67,1.52399e-07
3,5,4,9,12,2,3,5,4,9,12,2,57,-5.88577e-05
4,9,3,5,12,2,3,5,4,9,12,2,57,-5.88577e-05
3,5,4,9,12,2,4,9,3,5,12,2,57,-5.88577e-05
0,9,3,5,12,2,4,9,3,5,12,2,57,-5.88577e-05
3,5,4,9,12,2,3,5,4,9,12,2,59,-0.000801926
4,9,3,5,12,2,3,5,4,9,12,2,59,-0.000801926
3,5,4,9,12,2,4,9,3,5,12,2,59,-0.000801926
0,9,3,5,12,2,4,9,3,5,12,2,59,-0.000801926
3,5,4,9,12,2,3,5,4,9,12,2,61,-0.000277055
4,9,3,5,12,2,3,5,4,9,12,2,61,-0.000277055
3,5,4,9,12,2,4,9,3,5,12,2,61,-0.000277055
0,9,3,5,12,2,4,9,3,5,12,2,61,-0.000277055
3,5,4,9,12,2,3,5,4,9,12,2,63,-4.58086e-06
4,9,3,5,12,2,3,5,4,9,12,2,63,-4.58086e-06
3,5,4,9,12,2,4,9,3,5,12,2,63,-4.58086e-06
0,9,3,5,12,2,4,9,3,5,12,2,63,-4.58086e-06
3,5,4,9,12,2,3,5,4,9,12,2,65,1.62083e-06
4,9,3,5,12,2,3,5,4,9,12,2,65,1.62083e-06
3,5,4,9,12,2,4,9,3,5,12,2,65,1.62083e-06
0,9,3,5,12,2,4,9,3,5,12,2,65,1.62083e-06
3,5,4,9,12,2,3,5,4,9,12,2,67,5.73882e-08
4,9,3,5,12,2,3,5,4,9,12,2,67,5.73882e-08
3,5,4,9,12,2,4,9,3,5,12,2,67,5.73882e-08
0,9,3,5,12,2,4,9,3,5,12,2,67,5.73882e-08
3,5,4,9,14,2,3,5,4,9,14,2,57,0.00168894
4,9,3,5,14,2,3,5,4,9,14,2,57,-0.00168894
3,5,4,9,14,2,4,9,3,5,14,2,57,-0.00168894
0,9,3,5,14,2,4,9,3,5,14,2,57,0.00168894
3,5,4,9,14,2,3,5,4,9,14,2,59,0.00872819
4,9,3,5,14,2,3,5,4,9,14,2,59,-0.00872819
3,5,4,9,14,2,4,9,3,5,14,2,59,-0.00872819
0,9,3,5,14,2,4,9,3,5,14,2,59,0.00872819
3,5,4,9,14,2,3,5,4,9,14,2,61,0.00430252
4,9,3,5,14,2,3,5,4,9,14,2,61,-0.00430252
3,5,4,9,14,2,4,9,3,5,14,2,61,-0.00430252
0,9,3,5,14,2,4,9,3,5,14,2,61,0.00430252
3,5,4,9,14,2,3,5,4,9,14,2,63,0.000553553
4,9,3,5,14,2,3,5,4,9,14,2,63,-0.000553553
3,5,4,9,14,2,4,9,3,5,14,2,63,-0.000553553
0,9,3,5,14,2,4,9,3,5,14,2,63,0.000553553
3,5,4,9,14,2,3,5,4,9,14,2,65,2.14359e-05
4,9,3,5,14,2,3,5,4,9,14,2,65,-2.14359e-05
3,5,4,9,14,2,4,9,3,5,14,2,65,-2.14359e-05
0,9,3,5,14,2,4,9,3,5,14,2,65,2.14359e-05
3,5,4,9,14,2,3,5,4,9,14,2,67,2.71268e-07
4,9,3,5,14,2,3,5,4,9,14,2,67,-2.71268e-07
3,5,4,9,14,2,4,9,3,5,14,2,67,-2.71268e-07
0,9,3,5,14,2,4,9,3,5,14,2,67,2.71268e-07
3,5,4,9,6,2,3,3,4,9,6,2,57,-0.000891615
4,9,3,5,6,2,3,3,4,9,6,2,57,0.000891615
3,5,4,9,6,2,4,9,3,3,6,2,57,-0.000891615
0,9,3,5,6,2,4,9,3,3,6,2,57,0.000891615
3,5,4,9,6,2,3,3,4,9,6,2,59,-0.0056268
4,9,3,5,6,2,3,3,4,9,6,2,59,0.0056268
3,5,4,9,6,2,4,9,3,3,6,2,59,-0.0056268
0,9,3,5,6,2,4,9,3,3,6,2,59,0.0056268
3,5,4,9,6,2,3,3,4,9,6,2,61,-0.00306317
4,9,3,5,6,2,3,3,4,9,6,2,61,0.00306317
3,5,4,9,6,2,4,9,3,3,6,2,61,-0.00306317
0,9,3,5,6,2,4,9,3,3,6,2,61,0.00306317
3,5,4,9,6,2,3,3,4,9,6,2,63,-0.000432322
4,9,3,5,6,2,3,3,4,9,6,2,63,0.000432322
3,5,4,9,6,2,4,9,3,3,6,2,63,-0.000432322
0,9,3,5,6,2,4,9,3,3,6,2,63,0.000432322
3,5,4,9,6,2,3,3,4,9,6,2,65,-1.90083e-05
4,9,3,5,6,2,3,3,4,9,6,2,65,1.90083e-05
3,5,4,9,6,2,4,9,3,3,6,2,65,-1.90083e-05
0,9,3,5,6,2,4,9,3,3,6,2,65,1.90083e-05
3,5,4,9,6,2,3,3,4,9,6,2,67,-2.57979e-07
4,9,3,5,6,2,3,3,4,9,6,2,67,2.57979e-07
3,5,4,9,6,2,4,9,3,3,6,2,67,-2.57979e-07
0,9,3,5,6,2,4,9,3,3,6,2,67,2.57979e-07
3,5,4,9,8,2,3,3,4,9,8,2,57,-1.67016e-05
4,9,3,5,8,2,3,3,4,9,8,2,57,-1.67016e-05
3,5,4,9,8,2,4,9,3,3,8,2,57,1.67016e-05
0,9,3,5,8,2,4,9,3,3,8,2,57,1.67016e-05
3,5,4,9,8,2,3,3,4,9,8,2,59,0.00133904
4,9,3,5,8,2,3,3,4,9,8,2,59,0.00133904
3,5,4,9,8,2,4,9,3,3,8,2,59,-0.00133904
0,9,3,5,8,2,4,9,3,3,8,2,59,-0.00133904
3,5,4,9,8,2,3,3,4,9,8,2,61,0.000846598
4,9,3,5,8,2,3,3,4,9,8,2,61,0.000846598
3,5,4,9,8,2,4,9,3,3,8,2,61,-0.000846598
0,9,3,5,8,2,4,9,3,3,8,2,61,-0.000846598
3,5,4,9,8,2,3,3,4,9,8,2,63,7.89383e-05
4,9,3,5,8,2,3,3,4,9,8,2,63,7.89383e-05
3,5,4,9,8,2,4,9,3,3,8,2,63,-7.89383e-05
0,9,3,5,8,2,4,9,3,3,8,2,63,-7.89383e-05
3,5,4,9,8,2,3,3,4,9,8,2,65,1.78294e-06
4,9,3,5,8,2,3,3,4,9,8,2,65,1.78294e-06
3,5,4,9,8,2,4,9,3,3,8,2,65,-1.78294e-06
0,9,3,5,8,2,4,9,3,3,8,2,65,-1.78294e-06
3,5,4,9,8,2,3,3,4,9,8,2,67,-1.22219e-08
4,9,3,5,8,2,3,3,4,9,8,2,67,-1.22219e-08
3,5,4,9,8,2,4,9,3,3,8,2,67,1.22219e-08
0,9,3,5,8,2,4,9,3,3,8,2,67,1.22219e-08
3,5,4,9,10,2,3,3,4,9,10,2,57,-0.000604977
4,9,3,5,10,2,3,3,4,9,10,2,57,0.000604977
3,5,4,9,10,2,4,9,3,3,10,2,57,-0.000604977
0,9,3,5,10,2,4,9,3,3,10,2,57,0.000604977
3,5,4,9,10,2,3,3,4,9,10,2,59,-0.00414344
4,9,3,5,10,2,3,3,4,9,10,2,59,0.00414344
3,5,4,9,10,2,4,9,3,3,10,2,59,-0.00414344
0,9,3,5,10,2,4,9,3,3,10,2,59,0.00414344
3,5,4,9,10,2,3,3,4,9,10,2,61,-0.0020614
4,9,3,5,10,2,3,3,4,9,10,2,61,0.0020614
3,5,4,9,10,2,4,9,3,3,10,2,61,-0.0020614
0,9,3,5,10,2,4,9,3,3,10,2,61,0.0020614
3,5,4,9,10,2,3,3,4,9,10,2,63,-0.000270375
4,9,3,5,10,2,3,3,4,9,10,2,63,0.000270375
3,5,4,9,10,2,4,9,3,3,10,2,63,-0.000270375
0,9,3,5,10,2,4,9,3,3,10,2,63,0.000270375
3,5,4,9,10,2,3,3,4,9,10,2,65,-1.1174e-05
4,9,3,5,10,2,3,3,4,9,10,2,65,1.1174e-05
3,5,4,9,10,2,4,9,3,3,10,2,65,-1.1174e-05
0,9,3,5,10,2,4,9,3,3,10,2,65,1.1174e-05
3,5,4,9,10,2,3,3,4,9,10,2,67,-1.39993e-07
4,9,3,5,10,2,3,3,4,9,10,2,67,1.39993e-07
3,5,4,9,10,2,4,9,3,3,10,2,67,-1.39993e-07
0,9,3,5,10,2,4,9,3,3,10,2,67,1.39993e-07
3,5,4,9,12,2,3,3,4,9,12,2,57,0.000470448
4,9,3,5,12,2,3,3,4,9,12,2,57,0.000470448
3,5,4,9,12,2,4,9,3,3,12,2,57,-0.000470448
0,9,3,5,12,2,4,9,3,3,12,2,57,-0.000470448
3,5,4,9,12,2,3,3,4,9,12,2,59,0.00251232
4,9,3,5,12,2,3,3,4,9,12,2,59,0.00251232
3,5,4,9,12,2,4,9,3,3,12,2,59,-0.00251232
0,9,3,5,12,2,4,9,3,3,12,2,59,-0.00251232
3,5,4,9,12,2,3,3,4,9,12,2,61,0.00120108
4,9,3,5,12,2,3,3,4,9,12,2,61,0.00120108
3,5,4,9,12,2,4,9,3,3,12,2,61,-0.00120108
0,9,3,5,12,2,4,9,3,3,12,2,61,-0.00120108
3,5,4,9,12,2,3,3,4,9,12,2,63,0.000161074
4,9,3,5,12,2,3,3,4,9,12,2,63,0.000161074
3,5,4,9,12,2,4,9,3,3,12,2,63,-0.000161074
0,9,3,5,12,2,4,9,3,3,12,2,63,-0.000161074
3,5,4,9,12,2,3,3,4,9,12,2,65,6.27832e-06
4,9,3,5,12,2,3,3,4,9,12,2,65,6.27832e-06
3,5,4,9,12,2,4,9,3,3,12,2,65,-6.27832e-06
0,9,3,5,12,2,4,9,3,3,12,2,65,-6.27832e-06
3,5,4,9,12,2,3,3,4,9,12,2,67,6.9337e-08
4,9,3,5,12,2,3,3,4,9,12,2,67,6.9337e-08
3,5,4,9,12,2,4,9,3,3,12,2,67,-6.9337e-08
0,9,3,5,12,2,4,9,3,3,12,2,67,-6.9337e-08
3,5,4,9,8,2,3,1,4,9,8,2,57,0.00130012
4,9,3,5,8,2,3,1,4,9,8,2,57,0.00130012
3,5,4,9,8,2,4,9,3,1,8,2,57,0.00130012
0,9,3,5,8,2,4,9,3,1,8,2,57,0.00130012
3,5,4,9,8,2,3,1,4,9,8,2,59,0.00408525
4,9,3,5,8,2,3,1,4,9,8,2,59,0.00408525
3,5,4,9,8,2,4,9,3,1,8,2,59,0.00408525
0,9,3,5,8,2,4,9,3,1,8,2,59,0.00408525
3,5,4,9,8,2,3,1,4,9,8,2,61,0.00156509
4,9,3,5,8,2,3,1,4,9,8,2,61,0.00156509
3,5,4,9,8,2,4,9,3,1,8,2,61,0.00156509
0,9,3,5,8,2,4,9,3,1,8,2,61,0.00156509
3,5,4,9,8,2,3,1,4,9,8,2,63,0.000187753
4,9,3,5,8,2,3,1,4,9,8,2,63,0.000187753
3,5,4,9,8,2,4,9,3,1,8,2,63,0.000187753
0,9,3,5,8,2,4,9,3,1,8,2,63,0.000187753
3,5,4,9,8,2,3,1,4,9,8,2,65,7.24964e-06
4,9,3,5,8,2,3,1,4,9,8,2,65,7.24964e-06
3,5,4,9,8,2,4,9,3,1,8,2,65,7.24964e-06
0,9,3,5,8,2,4,9,3,1,8,2,65,7.24964e-06
3,5,4,9,8,2,3,1,4,9,8,2,67,9.37727e-08
4,9,3,5,8,2,3,1,4,9,8,2,67,9.37727e-08
3,5,4,9,8,2,4,9,3,1,8,2,67,9.37727e-08
0,9,3,5,8,2,4,9,3,1,8,2,67,9.37727e-08
3,5,4,9,10,2,3,1,4,9,10,2,57,0.00252084
4,9,3,5,10,2,3,1,4,9,10,2,57,-0.00252084
3,5,4,9,10,2,4,9,3,1,10,2,57,-0.00252084
0,9,3,5,10,2,4,9,3,1,10,2,57,0.00252084
3,5,4,9,10,2,3,1,4,9,10,2,59,0.00824785
4,9,3,5,10,2,3,1,4,9,10,2,59,-0.00824785
3,5,4,9,10,2,4,9,3,1,10,2,59,-0.00824785
0,9,3,5,10,2,4,9,3,1,10,2,59,0.00824785
3,5,4,9,10,2,3,1,4,9,10,2,61,0.00320027
4,9,3,5,10,2,3,1,4,9,10,2,61,-0.00320027
3,5,4,9,10,2,4,9,3,1,10,2,61,-0.00320027
0,9,3,5,10,2,4,9,3,1,10,2,61,0.00320027
3,5,4,9,10,2,3,1,4,9,10,2,63,0.000403309
4,9,3,5,10,2,3,1,4,9,10,2,63,-0.000403309
3,5,4,9,10,2,4,9,3,1,10,2,63,-0.000403309
0,9,3,5,10,2,4,9,3,1,10,2,63,0.000403309
3,5,4,9,10,2,3,1,4,9,10,2,65,1.72763e-05
4,9,3,5,10,2,3,1,4,9,10,2,65,-1.72763e-05
3,5,4,9,10,2,4,9,3,1,10,2,65,-1.72763e-05
0,9,3,5,10,2,4,9,3,1,10,2,65,1.72763e-05
3,5,4,9,10,2,3,1,4,9,10,2,67,2.34975e-07
4,9,3,5,10,2,3,1,4,9,10,2,67,-2.34975e-07
3,5,4,9,10,2,4,9,3,1,10,2,67,-2.34975e-07
0,9,3,5,10,2,4,9,3,1,10,2,67,2.34975e-07
3,5,3,5,0,2,4,9,4,9,0,2,56,0.0608559
3,5,3,5,0,2,4,9,4,9,0,2,58,0.459152
3,5,3,5,0,2,4,9,4,9,0,2,60,0.320644
3,5,3,5,0,2,4,9,4,9,0,2,62,0.0591394
3,5,3,5,0,2,4,9,4,9,0,2,64,0.00329583
3,5,3,5,0,2,4,9,4,9,0,2,66,5.68e-05
3,5,3,5,4,2,4,9,4,9,4,2,56,-0.012415
3,5,3,5,4,2,4,9,4,9,4,2,58,-0.101529
3,5,3,5,4,2,4,9,4,9,4,2,60,-0.0695279
3,5,3,5,4,2,4,9,4,9,4,2,62,-0.0140659
3,5,3,5,4,2,4,9,4,9,4,2,64,-0.000914923
3,5,3,5,4,2,4,9,4,9,4,2,66,-1.84925e-05
3,5,3,5,8,2,4,9,4,9,8,2,56,-0.00256443
3,5,3,5,8,2,4,9,4,9,8,2,58,-0.00633097
3,5,3,5,8,2,4,9,4,9,8,2,60,-0.00700051
3,5,3,5,8,2,4,9,4,9,8,2,62,-0.00192422
3,5,3,5,8,2,4,9,4,9,8,2,64,-0.000162356
3,5,3,5,8,2,4,9,4,9,8,2,66,-2.83452e-06
3,5,3,5,0,2,3,5,3,5,0,2,58,-0.146491
3,5,3,5,0,2,3,5,3,5,0,2,60,-0.302744
3,5,3,5,0,2,3,5,3,5,0,2,62,-0.1215
3,5,3,5,0,2,3,5,3,5,0,2,64,-0.0140889
3,5,3,5,0,2,3,5,3,5,0,2,66,-0.000562749
3,5,3,5,0,2,3,5,3,5,0,2,68,-7.45289e-06
3,5,3,5,4,2,3,5,3,5,4,2,58,0.0341931
3,5,3,5,4,2,3,5,3,5,4,2,60,0.0599913
3,5,3,5,4,2,3,5,3,5,4,2,62,0.021939
3,5,3,5,4,2,3,5,3,5,4,2,64,0.00218463
3,5,3,5,4,2,3,5,3,5,4,2,66,7.32939e-05
3,5,3,5,4,2,3,5,3,5,4,2,68,6.37594e-07
3,5,3,5,8,2,3,5,3,5,8,2,58,-0.0032854
3,5,3,5,8,2,3,5,3,5,8,2,60,-0.00809318
3,5,3,5,8,2,3,5,3,5,8,2,62,-0.00277561
3,5,3,5,8,2,3,5,3,5,8,2,64,-0.000280009
3,5,3,5,8,2,3,5,3,5,8,2,66,-4.62464e-06
3,5,3,5,8,2,3,5,3,5,8,2,68,3.86476e-08
3,5,3,5,4,2,3,3,3,5,4,2,58,0.00329627
3,5,3,5,4,2,3,5,3,3,4,2,58,-0.00329627
3,5,3,5,4,2,3,3,3,5,4,2,60,0.00811473
3,5,3,5,4,2,3,5,3,3,4,2,60,-0.00811473
3,5,3,5,4,2,3,3,3,5,4,2,62,0.00321823
3,5,3,5,4,2,3,5,3,3,4,2,62,-0.00321823
3,5,3,5,4,2,3,3,3,5,4,2,64,0.000357865
3,5,3,5,4,2,3,5,3,3,4,2,64,-0.000357865
3,5,3,5,4,2,3,3,3,5,4,2,66,1.33107e-05
3,5,3,5,4,2,3,5,3,3,4,2,66,-1.33107e-05
3,5,3,5,4,2,3,3,3,5,4,2,68,1.21788e-07
3,5,3,5,4,2,3,5,3,3,4,2,68,-1.21788e-07
3,5,3,5,8,2,3,3,3,5,8,2,58,0.00110867
3,5,3,5,8,2,3,5,3,3,8,2,58,-0.00110867
3,5,3,5,8,2,3,3,3,5,8,2,60,0.00312864
3,5,3,5,8,2,3,5,3,3,8,2,60,-0.00312864
3,5,3,5,8,2,3,3,3,5,8,2,62,0.00140314
3,5,3,5,8,2,3,5,3,3,8,2,62,-0.00140314
3,5,3,5,8,2,3,3,3,5,8,2,64,0.00018594
3,5,3,5,8,2,3,5,3,3,8,2,64,-0.00018594
3,5,3,5,8,2,3,3,3,5,8,2,66,1.06048e-05
3,5,3,5,8,2,3,5,3,3,8,2,66,-1.06048e-05
3,5,3,5,8,2,3,3,3,5,8,2,68,1.70261e-07
3,5,3,5,8,2,3,5,3,3,8,2,68,-1.70261e-07
3,5,3,5,0,2,3,3,3,3,0,2,58,-0.0602299
3,5,3,5,0,2,3,3,3,3,0,2,60,-0.184243
3,5,3,5,0,2,3,3,3,3,0,2,62,-0.0916001
3,5,3,5,0,2,3,3,3,3,0,2,64,-0.0118044
3,5,3,5,0,2,3,3,3,3,0,2,66,-0.000490681
3,5,3,5,0,2,3,3,3,3,0,2,68,-6.35944e-06
3,5,3,5,4,2,3,3,3,3,4,2,58,0.00716858
3,5,3,5,4,2,3,3,3,3,4,2,60,0.0206215
3,5,3,5,4,2,3,3,3,3,4,2,62,0.0118657
3,5,3,5,4,2,3,3,3,3,4,2,64,0.00137863
3,5,3,5,4,2,3,3,3,3,4,2,66,4.50691e-05
3,5,3,5,4,2,3,3,3,3,4,2,68,3.1279e-07
3,5,3,5,4,2,3,1,3,5,4,2,58,0.019148
3,5,3,5,4,2,3,5,3,1,4,2,58,0.019148
3,5,3,5,4,2,3,1,3,5,4,2,60,0.0340663
3,5,3,5,4,2,3,5,3,1,4,2,60,0.0340663
3,5,3,5,4,2,3,1,3,5,4,2,62,0.0107074
3,5,3,5,4,2,3,5,3,1,4,2,62,0.0107074
3,5,3,5,4,2,3,1,3,5,4,2,64,0.00101994
3,5,3,5,4,2,3,5,3,1,4,2,64,0.00101994
3,5,3,5,4,2,3,1,3,5,4,2,66,3.28168e-05
3,5,3,5,4,2,3,5,3,1,4,2,66,3.28168e-05
3,5,3,5,4,2,3,1,3,5,4,2,68,2.86777e-07
3,5,3,5,4,2,3,5,3,1,4,2,68,2.86777e-07
3,5,3,5,4,2,3,1,3,3,4,2,58,-0.0109313
3,5,3,5,4,2,3,3,3,1,4,2,58,0.0109313
3,5,3,5,4,2,3,1,3,3,4,2,60,-0.0234785
3,5,3,5,4,2,3,3,3,1,4,2,60,0.0234785
3,5,3,5,4,2,3,1,3,3,4,2,62,-0.00995729
3,5,3,5,4,2,3,3,3,1,4,2,62,0.00995729
3,5,3,5,4,2,3,1,3,3,4,2,64,-0.000970958
3,5,3,5,4,2,3,3,3,1,4,2,64,0.000970958
3,5,3,5,4,2,3,1,3,3,4,2,66,-2.81837e-05
3,5,3,5,4,2,3,3,3,1,4,2,66,2.81837e-05
3,5,3,5,4,2,3,1,3,3,4,2,68,-1.97297e-07
3,5,3,5,4,2,3,3,3,1,4,2,68,1.97297e-07
3,5,3,5,0,2,3,1,3,1,0,2,58,-0.125342
3,5,3,5,0,2,3,1,3,1,0,2,60,-0.225592
3,5,3,5,0,2,3,1,3,1,0,2,62,-0.0786858
3,5,3,5,0,2,3,1,3,1,0,2,64,-0.00830167
3,5,3,5,0,2,3,1,3,1,0,2,66,-0.000316445
3,5,3,5,0,2,3,1,3,1,0,2,68,-3.99575e-06
3,3,4,9,6,2,3,5,4,9,6,2,57,-0.00188303
4,9,3,3,6,2,3,5,4,9,6,2,57,-0.00188303
3,3,4,9,6,2,4,9,3,5,6,2,57,0.00188303
0,9,3,3,6,2,4,9,3,5,6,2,57,0.00188303
3,3,4,9,6,2,3,5,4,9,6,2,59,-0.00821903
4,9,3,3,6,2,3,5,4,9,6,2,59,-0.00821903
3,3,4,9,6,2,4,9,3,5,6,2,59,0.00821903
0,9,3,3,6,2,4,9,3,5,6,2,59,0.00821903
3,3,4,9,6,2,3,5,4,9,6,2,61,-0.00368416
4,9,3,3,6,2,3,5,4,9,6,2,61,-0.00368416
3,3,4,9,6,2,4,9,3,5,6,2,61,0.00368416
0,9,3,3,6,2,4,9,3,5,6,2,61,0.00368416
3,3,4,9,6,2,3,5,4,9,6,2,63,-0.000419975
4,9,3,3,6,2,3,5,4,9,6,2,63,-0.000419975
3,3,4,9,6,2,4,9,3,5,6,2,63,0.000419975
0,9,3,3,6,2,4,9,3,5,6,2,63,0.000419975
3,3,4,9,6,2,3,5,4,9,6,2,65,-1.43673e-05
4,9,3,3,6,2,3,5,4,9,6,2,65,-1.43673e-05
3,3,4,9,6,2,4,9,3,5,6,2,65,1.43673e-05
0,9,3,3,6,2,4,9,3,5,6,2,65,1.43673e-05
3,3,4,9,6,2,3,5,4,9,6,2,67,-1.57466e-07
4,9,3,3,6,2,3,5,4,9,6,2,67,-1.57466e-07
3,3,4,9,6,2,4,9,3,5,6,2,67,1.57466e-07
0,9,3,3,6,2,4,9,3,5,6,2,67,1.57466e-07
3,3,4,9,8,2,3,5,4,9,8,2,57,0.000218216
4,9,3,3,8,2,3,5,4,9,8,2,57,-0.000218216
3,3,4,9,8,2,4,9,3,5,8,2,57,0.000218216
0,9,3,3,8,2,4,9,3,5,8,2,57,-0.000218216
3,3,4,9,8,2,3,5,4,9,8,2,59,0.00135082
4,9,3,3,8,2,3,5,4,9,8,2,59,-0.00135082
3,3,4,9,8,2,4,9,3,5,8,2,59,0.00135082
0,9,3,3,8,2,4,9,3,5,8,2,59,-0.00135082
3,3,4,9,8,2,3,5,4,9,8,2,61,0.00062229
4,9,3,3,8,2,3,5,4,9,8,2,61,-0.00062229
3,3,4,9,8,2,4,9,3,5,8,2,61,0.00062229
0,9,3,3,8,2,4,9,3,5,8,2,61,-0.00062229
3,3,4,9,8,2,3,5,4,9,8,2,63,4.65628e-05
4,9,3,3,8,2,3,5,4,9,8,2,63,-4.65628e-05
3,3,4,9,8,2,4,9,3,5,8,2,63,4.65628e-05
0,9,3,3,8,2,4,9,3,5,8,2,63,-4.65628e-05
3,3,4,9,8,2,3,5,4,9,8,2,65,5.74128e-07
4,9,3,3,8,2,3,5,4,9,8,2,65,-5.74128e-07
3,3,4,9,8,2,4,9,3,5,8,2,65,5.74128e-07
0,9,3,3,8,2,4,9,3,5,8,2,65,-5.74128e-07
3,3,4,9,8,2,3,5,4,9,8,2,67,-9.19819e-09
4,9,3,3,8,2,3,5,4,9,8,2,67,9.19819e-09
3,3,4,9,8,2,4,9,3,5,8,2,67,-9.19819e-09
0,9,3,3,8,2,4,9,3,5,8,2,67,9.19819e-09
3,3,4,9,10,2,3,5,4,9,10,2,57,-0.00177697
4,9,3,3,10,2,3,5,4,9,10,2,57,-0.00177697
3,3,4,9,10,2,4,9,3,5,10,2,57,0.00177697
0,9,3,3,10,2,4,9,3,5,10,2,57,0.00177697
3,3,4,9,10,2,3,5,4,9,10,2,59,-0.00654007
4,9,3,3,10,2,3,5,4,9,10,2,59,-0.00654007
3,3,4,9,10,2,4,9,3,5,10,2,59,0.00654007
0,9,3,3,10,2,4,9,3,5,10,2,59,0.00654007
3,3,4,9,10,2,3,5,4,9,10,2,61,-0.00269327
4,9,3,3,10,2,3,5,4,9,10,2,61,-0.00269327
3,3,4,9,10,2,4,9,3,5,10,2,61,0.00269327
0,9,3,3,10,2,4,9,3,5,10,2,61,0.00269327
3,3,4,9,10,2,3,5,4,9,10,2,63,-0.000300284
4,9,3,3,10,2,3,5,4,9,10,2,63,-0.000300284
3,3,4,9,10,2,4,9,3,5,10,2,63,0.000300284
0,9,3,3,10,2,4,9,3,5,10,2,63,0.000300284
3,3,4,9,10,2,3,5,4,9,10,2,65,-9.90382e-06
4,9,3,3,10,2,3,5,4,9,10,2,65,-9.90382e-06
3,3,4,9,10,2,4,9,3,5,10,2,65,9.90382e-06
0,9,3,3,10,2,4,9,3,5,10,2,65,9.90382e-06
3,3,4,9,10,2,3,5,4,9,10,2,67,-1.04434e-07
4,9,3,3,10,2,3,5,4,9,10,2,67,-1.04434e-07
3,3,4,9,10,2,4,9,3,5,10,2,67,1.04434e-07
0,9,3,3,10,2,4,9,3,5,10,2,67,1.04434e-07
3,3,4,9,12,2,3,5,4,9,12,2,57,0.000567358
4,9,3,3,12,2,3,5,4,9,12,2,57,-0.000567358
3,3,4,9,12,2,4,9,3,5,12,2,57,0.000567358
0,9,3,3,12,2,4,9,3,5,12,2,57,-0.000567358
3,3,4,9,12,2,3,5,4,9,12,2,59,0.00302328
4,9,3,3,12,2,3,5,4,9,12,2,59,-0.00302328
3,3,4,9,12,2,4,9,3,5,12,2,59,0.00302328
0,9,3,3,12,2,4,9,3,5,12,2,59,-0.00302328
3,3,4,9,12,2,3,5,4,9,12,2,61,0.0013111
4,9,3,3,12,2,3,5,4,9,12,2,61,-0.0013111
3,3,4,9,12,2,4,9,3,5,12,2,61,0.0013111
0,9,3,3,12,2,4,9,3,5,12,2,61,-0.0013111
3,3,4,9,12,2,3,5,4,9,12,2,63,0.000151319
4,9,3,3,12,2,3,5,4,9,12,2,63,-0.000151319
3,3,4,9,12,2,4,9,3,5,12,2,63,0.000151319
0,9,3,3,12,2,4,9,3,5,12,2,63,-0.000151319
3,3,4,9,12,2,3,5,4,9,12,2,65,4.95775e-06
4,9,3,3,12,2,3,5,4,9,12,2,65,-4.95775e-06
3,3,4,9,12,2,4,9,3,5,12,2,65,4.95775e-06
0,9,3,3,12,2,4,9,3,5,12,2,65,-4.95775e-06
3,3,4,9,12,2,3,5,4,9,12,2,67,4.604e-08
4,9,3,3,12,2,3,5,4,9,12,2,67,-4.604e-08
3,3,4,9,12,2,4,9,3,5,12,2,67,4.604e-08
0,9,3,3,12,2,4,9,3,5,12,2,67,-4.604e-08
3,3,4,9,6,2,3,3,4,9,6,2,57,0.0020671
4,9,3,3,6,2,3,3,4,9,6,2,57,0.0020671
3,3,4,9,6,2,4,9,3,3,6,2,57,0.0020671
0,9,3,3,6,2,4,9,3,3,6,2,57,0.0020671
3,3,4,9,6,2,3,3,4,9,6,2,59,0.0139705
4,9,3,3,6,2,3,3,4,9,6,2,59,0.0139705
3,3,4,9,6,2,4,9,3,3,6,2,59,0.0139705
0,9,3,3,6,2,4,9,3,3,6,2,59,0.0139705
3,3,4,9,6,2,3,3,4,9,6,2,61,0.00730024
4,9,3,3,6,2,3,3,4,9,6,2,61,0.00730024
3,3,4,9,6,2,4,9,3,3,6,2,61,0.00730024
0,9,3,3,6,2,4,9,3,3,6,2,61,0.00730024
3,3,4,9,6,2,3,3,4,9,6,2,63,0.000876235
4,9,3,3,6,2,3,3,4,9,6,2,63,0.000876235
3,3,4,9,6,2,4,9,3,3,6,2,63,0.000876235
0,9,3,3,6,2,4,9,3,3,6,2,63,0.000876235
3,3,4,9,6,2,3,3,4,9,6,2,65,2.94575e-05
4,9,3,3,6,2,3,3,4,9,6,2,65,2.94575e-05
3,3,4,9,6,2,4,9,3,3,6,2,65,2.94575e-05
0,9,3,3,6,2,4,9,3,3,6,2,65,2.94575e-05
3,3,4,9,6,2,3,3,4,9,6,2,67,3.21174e-07
4,9,3,3,6,2,3,3,4,9,6,2,67,3.21174e-07
3,3,4,9,6,2,4,9,3,3,6,2,67,3.21174e-07
0,9,3,3,6,2,4,9,3,3,6,2,67,3.21174e-07
3,3,4,9,8,2,3,3,4,9,8,2,57,-0.000720023
4,9,3,3,8,2,3,3,4,9,8,2,57,0.000720023
3,3,4,9,8,2,4,9,3,3,8,2,57,0.000720023
0,9,3,3,8,2,4,9,3,3,8,2,57,-0.000720023
3,3,4,9,8,2,3,3,4,9,8,2,59,-0.00478153
4,9,3,3,8,2,3,3,4,9,8,2,59,0.00478153
3,3,4,9,8,2,4,9,3,3,8,2,59,0.00478153
0,9,3,3,8,2,4,9,3,3,8,2,59,-0.00478153
3,3,4,9,8,2,3,3,4,9,8,2,61,-0.00208908
4,9,3,3,8,2,3,3,4,9,8,2,61,0.00208908
3,3,4,9,8,2,4,9,3,3,8,2,61,0.00208908
0,9,3,3,8,2,4,9,3,3,8,2,61,-0.00208908
3,3,4,9,8,2,3,3,4,9,8,2,63,-0.000209236
4,9,3,3,8,2,3,3,4,9,8,2,63,0.000209236
3,3,4,9,8,2,4,9,3,3,8,2,63,0.000209236
0,9,3,3,8,2,4,9,3,3,8,2,63,-0.000209236
3,3,4,9,8,2,3,3,4,9,8,2,65,-5.47252e-06
4,9,3,3,8,2,3,3,4,9,8,2,65,5.47252e-06
3,3,4,9,8,2,4,9,3,3,8,2,65,5.47252e-06
0,9,3,3,8,2,4,9,3,3,8,2,65,-5.47252e-06
3,3,4,9,8,2,3,3,4,9,8,2,67,-3.45365e-08
4,9,3,3,8,2,3,3,4,9,8,2,67,3.45365e-08
3,3,4,9,8,2,4,9,3,3,8,2,67,3.45365e-08
0,9,3,3,8,2,4,9,3,3,8,2,67,-3.45365e-08
3,3,4,9,10,2,3,3,4,9,10,2,57,0.000333912
4,9,3,3,10,2,3,3,4,9,10,2,57,0.000333912
3,3,4,9,10,2,4,9,3,3,10,2,57,0.000333912
0,9,3,3,10,2,4,9,3,3,10,2,57,0.000333912
3,3,4,9,10,2,3,3,4,9,10,2,59,0.0027356
4,9,3,3,10,2,3,3,4,9,10,2,59,0.0027356
3,3,4,9,10,2,4,9,3,3,10,2,59,0.0027356
0,9,3,3,10,2,4,9,3,3,10,2,59,0.0027356
3,3,4,9,10,2,3,3,4,9,10,2,61,0.0015206
4,9,3,3,10,2,3,3,4,9,10,2,61,0.0015206
3,3,4,9,10,2,4,9,3,3,10,2,61,0.0015206
0,9,3,3,10,2,4,9,3,3,10,2,61,0.0015206
3,3,4,9,10,2,3,3,4,9,10,2,63,0.000174721
4,9,3,3,10,2,3,3,4,9,10,2,63,0.000174721
3,3,4,9,10,2,4,9,3,3,10,2,63,0.000174721
0,9,3,3,10,2,4,9,3,3,10,2,63,0.000174721
3,3,4,9,10,2,3,3,4,9,10,2,65,5.66975e-06
4,9,3,3,10,2,3,3,4,9,10,2,65,5.66975e-06
3,3,4,9,10,2,4,9,3,3,10,2,65,5.66975e-06
0,9,3,3,10,2,4,9,3,3,10,2,65,5.66975e-06
3,3,4,9,10,2,3,3,4,9,10,2,67,5.41452e-08
4,9,3,3,10,2,3,3,4,9,10,2,67,5.41452e-08
3,3,4,9,10,2,4,9,3,3,10,2,67,5.41452e-08
0,9,3,3,10,2,4,9,3,3,10,2,67,5.41452e-08
3,3,4,9,12,2,3,3,4,9,12,2,57,-0.000271939
4,9,3,3,12,2,3,3,4,9,12,2,57,0.000271939
3,3,4,9,12,2,4,9,3,3,12,2,57,0.000271939
0,9,3,3,12,2,4,9,3,3,12,2,57,-0.000271939
3,3,4,9,12,2,3,3,4,9,12,2,59,-0.000839781
4,9,3,3,12,2,3,3,4,9,12,2,59,0.000839781
3,3,4,9,12,2,4,9,3,3,12,2,59,0.000839781
0,9,3,3,12,2,4,9,3,3,12,2,59,-0.000839781
3,3,4,9,12,2,3,3,4,9,12,2,61,-0.000200517
4,9,3,3,12,2,3,3,4,9,12,2,61,0.000200517
3,3,4,9,12,2,4,9,3,3,12,2,61,0.000200517
0,9,3,3,12,2,4,9,3,3,12,2,61,-0.000200517
3,3,4,9,12,2,3,3,4,9,12,2,63,-1.51828e-05
4,9,3,3,12,2,3,3,4,9,12,2,63,1.51828e-05
3,3,4,9,12,2,4,9,3,3,12,2,63,1.51828e-05
0,9,3,3,12,2,4,9,3,3,12,2,63,-1.51828e-05
3,3,4,9,12,2,3,3,4,9,12,2,65,-3.74622e-07
4,9,3,3,12,2,3,3,4,9,12,2,65,3.74622e-07
3,3,4,9,12,2,4,9,3,3,12,2,65,3.74622e-07
0,9,3,3,12,2,4,9,3,3,12,2,65,-3.74622e-07
3,3,4,9,12,2,3,3,4,9,12,2,67,-2.56397e-09
4,9,3,3,12,2,3,3,4,9,12,2,67,2.56397e-09
3,3,4,9,12,2,4,9,3,3,12,2,67,2.56397e-09
0,9,3,3,12,2,4,9,3,3,12,2,67,-2.56397e-09
3,3,4,9,8,2,3,1,4,9,8,2,57,0.000356497
4,9,3,3,8,2,3,1,4,9,8,2,57,-0.000356497
3,3,4,9,8,2,4,9,3,1,8,2,57,0.000356497
0,9,3,3,8,2,4,9,3,1,8,2,57,-0.000356497
3,3,4,9,8,2,3,1,4,9,8,2,59,0.00246931
4,9,3,3,8,2,3,1,4,9,8,2,59,-0.00246931
3,3,4,9,8,2,4,9,3,1,8,2,59,0.00246931
0,9,3,3,8,2,4,9,3,1,8,2,59,-0.00246931
3,3,4,9,8,2,3,1,4,9,8,2,61,0.000784882
4,9,3,3,8,2,3,1,4,9,8,2,61,-0.000784882
3,3,4,9,8,2,4,9,3,1,8,2,61,0.000784882
0,9,3,3,8,2,4,9,3,1,8,2,61,-0.000784882
3,3,4,9,8,2,3,1,4,9,8,2,63,7.7328e-05
4,9,3,3,8,2,3,1,4,9,8,2,63,-7.7328e-05
3,3,4,9,8,2,4,9,3,1,8,2,63,7.7328e-05
0,9,3,3,8,2,4,9,3,1,8,2,63,-7.7328e-05
3,3,4,9,8,2,3,1,4,9,8,2,65,2.22874e-06
4,9,3,3,8,2,3,1,4,9,8,2,65,-2.22874e-06
3,3,4,9,8,2,4,9,3,1,8,2,65,2.22874e-06
0,9,3,3,8,2,4,9,3,1,8,2,65,-2.22874e-06
3,3,4,9,8,2,3,1,4,9,8,2,67,1.30571e-08
4,9,3,3,8,2,3,1,4,9,8,2,67,-1.30571e-08
3,3,4,9,8,2,4,9,3,1,8,2,67,1.30571e-08
0,9,3,3,8,2,4,9,3,1,8,2,67,-1.30571e-08
3,3,4,9,10,2,3,1,4,9,10,2,57,-0.00196738
4,9,3,3,10,2,3,1,4,9,10,2,57,-0.00196738
3,3,4,9,10,2,4,9,3,1,10,2,57,0.00196738
0,9,3,3,10,2,4,9,3,1,10,2,57,0.00196738
3,3,4,9,10,2,3,1,4,9,10,2,59,-0.00680037
4,9,3,3,10,2,3,1,4,9,10,2,59,-0.00680037
3,3,4,9,10,2,4,9,3,1,10,2,59,0.00680037
0,9,3,3,10,2,4,9,3,1,10,2,59,0.00680037
3,3,4,9,10,2,3,1,4,9,10,2,61,-0.00257462
4,9,3,3,10,2,3,1,4,9,10,2,61,-0.00257462
3,3,4,9,10,2,4,9,3,1,10,2,61,0.00257462
0,9,3,3,10,2,4,9,3,1,10,2,61,0.00257462
3,3,4,9,10,2,3,1,4,9,10,2,63,-0.000297516
4,9,3,3,10,2,3,1,4,9,10,2,63,-0.000297516
3,3,4,9,10,2,4,9,3,1,10,2,63,0.000297516
0,9,3,3,10,2,4,9,3,1,10,2,63,0.000297516
3,3,4,9,10,2,3,1,4,9,10,2,65,-1.0368e-05
4,9,3,3,10,2,3,1,4,9,10,2,65,-1.0368e-05
3,3,4,9,10,2,4,9,3,1,10,2,65,1.0368e-05
0,9,3,3,10,2,4,9,3,1,10,2,65,1.0368e-05
3,3,4,9,10,2,3,1,4,9,10,2,67,-1.08796e-07
4,9,3,3,10,2,3,1,4,9,10,2,67,-1.08796e-07
3,3,4,9,10,2,4,9,3,1,10,2,67,1.08796e-07
0,9,3,3,10,2,4,9,3,1,10,2,67,1.08796e-07
3,3,3,5,4,2,4,9,4,9,4,2,56,-0.00378428
3,5,3,3,4,2,4,9,4,9,4,2,56,0.00378428
3,3,3,5,4,2,4,9,4,9,4,2,58,-0.030188
3,5,3,3,4,2,4,9,4,9,4,2,58,0.030188
3,3,3,5,4,2,4,9,4,9,4,2,60,-0.0170966
3,5,3,3,4,2,4,9,4,9,4,2,60,0.0170966
3,3,3,5,4,2,4,9,4,9,4,2,62,-0.00264244
3,5,3,3,4,2,4,9,4,9,4,2,62,0.00264244
3,3,3,5,4,2,4,9,4,9,4,2,64,-0.00013326
3,5,3,3,4,2,4,9,4,9,4,2,64,0.00013326
3,3,3,5,4,2,4,9,4,9,4,2,66,-2.0916e-06
3,5,3,3,4,2,4,9,4,9,4,2,66,2.0916e-06
3,3,3,5,8,2,4,9,4,9,8,2,56,-0.00297764
3,5,3,3,8,2,4,9,4,9,8,2,56,0.00297764
3,3,3,5,8,2,4,9,4,9,8,2,58,-0.0101365
3,5,3,3,8,2,4,9,4,9,8,2,58,0.0101365
3,3,3,5,8,2,4,9,4,9,8,2,60,-0.009069
3,5,3,3,8,2,4,9,4,9,8,2,60,0.009069
3,3,3,5,8,2,4,9,4,9,8,2,62,-0.00168591
3,5,3,3,8,2,4,9,4,9,8,2,62,0.00168591
3,3,3,5,8,2,4,9,4,9,8,2,64,-0.000109139
3,5,3,3,8,2,4,9,4,9,8,2,64,0.000109139
3,3,3,5,8,2,4,9,4,9,8,2,66,-2.22438e-06
3,5,3,3,8,2,4,9,4,9,8,2,66,2.22438e-06
3,3,3,5,4,2,3,5,3,5,4,2,58,0.00157537
3,5,3,3,4,2,3,5,3,5,4,2,58,-0.00157537
3,3,3,5,4,2,3,5,3,5,4,2,60,0.00823298
3,5,3,3,4,2,3,5,3,5,4,2,60,-0.00823298
3,3,3,5,4,2,3,5,3,5,4,2,62,0.00317535
3,5,3,3,4,2,3,5,3,5,4,2,62,-0.00317535
3,3,3,5,4,2,3,5,3,5,4,2,64,0.00028119
3,5,3,3,4,2,3,5,3,5,4,2,64,-0.00028119
3,3,3,5,4,2,3,5,3,5,4,2,66,8.13928e-06
3,5,3,3,4,2,3,5,3,5,4,2,66,-8.13928e-06
3,3,3,5,4,2,3,5,3,5,4,2,68,8.64088e-08
3,5,3,3,4,2,3,5,3,5,4,2,68,-8.64088e-08
3,3,3,5,8,2,3,5,3,5,8,2,58,0.00275542
3,5,3,3,8,2,3,5,3,5,8,2,58,-0.00275542
3,3,3,5,8,2,3,5,3,5,8,2,60,0.00349933
3,5,3,3,8,2,3,5,3,5,8,2,60,-0.00349933
3,3,3,5,8,2,3,5,3,5,8,2,62,0.00172484
3,5,3,3,8,2,3,5,3,5,8,2,62,-0.00172484
3,3,3,5,8,2,3,5,3,5,8,2,64,0.000203915
3,5,3,3,8,2,3,5,3,5,8,2,64,-0.000203915
3,3,3,5,8,2,3,5,3,5,8,2,66,8.12222e-06
3,5,3,3,8,2,3,5,3,5,8,2,66,-8.12222e-06
3,3,3,5,8,2,3,5,3,5,8,2,68,1.08717e-07
3,5,3,3,8,2,3,5,3,5,8,2,68,-1.08717e-07
3,3,3,5,2,2,3,3,3,5,2,2,58,0.000861271
3,5,3,3,2,2,3,3,3,5,2,2,58,0.000861271
3,3,3,5,2,2,3,5,3,3,2,2,58,0.000861271
0,5,3,3,2,2,3,5,3,3,2,2,58,0.000861271
3,3,3,5,2,2,3,3,3,5,2,2,60,0.00199283
3,5,3,3,2,2,3,3,3,5,2,2,60,0.00199283
3,3,3,5,2,2,3,5,3,3,2,2,60,0.00199283
0,5,3,3,2,2,3,5,3,3,2,2,60,0.00199283
3,3,3,5,2,2,3,3,3,5,2,2,62,0.000880299
3,5,3,3,2,2,3,3,3,5,2,2,62,0.000880299
3,3,3,5,2,2,3,5,3,3,2,2,62,0.000880299
0,5,3,3,2,2,3,5,3,3,2,2,62,0.000880299
3,3,3,5,2,2,3,3,3,5,2,2,64,8.60821e-05
3,5,3,3,2,2,3,3,3,5,2,2,64,8.60821e-05
3,3,3,5,2,2,3,5,3,3,2,2,64,8.60821e-05
0,5,3,3,2,2,3,5,3,3,2,2,64,8.60821e-05
3,3,3,5,2,2,3,3,3,5,2,2,66,2.40675e-06
3,5,3,3,2,2,3,3,3,5,2,2,66,2.40675e-06
3,3,3,5,2,2,3,5,3,3,2,2,66,2.40675e-06
0,5,3,3,2,2,3,5,3,3,2,2,66,2.40675e-06
3,3,3,5,2,2,3,3,3,5,2,2,68,1.55155e-08
3,5,3,3,2,2,3,3,3,5,2,2,68,1.55155e-08
3,3,3,5,2,2,3,5,3,3,2,2,68,1.55155e-08
0,5,3,3,2,2,3,5,3,3,2,2,68,1.55155e-08
3,3,3,5,4,2,3,3,3,5,4,2,58,0.000719202
3,5,3,3,4,2,3,3,3,5,4,2,58,-0.000719202
3,3,3,5,4,2,3,5,3,3,4,2,58,-0.000719202
0,5,3,3,4,2,3,5,3,3,4,2,58,0.000719202
3,3,3,5,4,2,3,3,3,5,4,2,60,0.00197648
3,5,3,3,4,2,3,3,3,5,4,2,60,-0.00197648
3,3,3,5,4,2,3,5,3,3,4,2,60,-0.00197648
0,5,3,3,4,2,3,5,3,3,4,2,60,0.00197648
3,3,3,5,4,2,3,3,3,5,4,2,62,0.000619571
3,5,3,3,4,2,3,3,3,5,4,2,62,-0.000619571
3,3,3,5,4,2,3,5,3,3,4,2,62,-0.000619571
0,5,3,3,4,2,3,5,3,3,4,2,62,0.000619571
3,3,3,5,4,2,3,3,3,5,4,2,64,6.346e-05
3,5,3,3,4,2,3,3,3,5,4,2,64,-6.346e-05
3,3,3,5,4,2,3,5,3,3,4,2,64,-6.346e-05
0,5,3,3,4,2,3,5,3,3,4,2,64,6.346e-05
3,3,3,5,4,2,3,3,3,5,4,2,66,2.37352e-06
3,5,3,3,4,2,3,3,3,5,4,2,66,-2.37352e-06
3,3,3,5,4,2,3,5,3,3,4,2,66,-2.37352e-06
0,5,3,3,4,2,3,5,3,3,4,2,66,2.37352e-06
3,3,3,5,4,2,3,3,3,5,4,2,68,3.14034e-08
3,5,3,3,4,2,3,3,3,5,4,2,68,-3.14034e-08
3,3,3,5,4,2,3,5,3,3,4,2,68,-3.14034e-08
0,5,3,3,4,2,3,5,3,3,4,2,68,3.14034e-08
3,3,3,5,6,2,3,3,3,5,6,2,58,-3.51865e-05
3,5,3,3,6,2,3,3,3,5,6,2,58,-3.51865e-05
3,3,3,5,6,2,3,5,3,3,6,2,58,-3.51865e-05
0,5,3,3,6,2,3,5,3,3,6,2,58,-3.51865e-05
3,3,3,5,6,2,3,3,3,5,6,2,60,0.000205164
3,5,3,3,6,2,3,3,3,5,6,2,60,0.000205164
3,3,3,5,6,2,3,5,3,3,6,2,60,0.000205164
0,5,3,3,6,2,3,5,3,3,6,2,60,0.000205164
3,3,3,5,6,2,3,3,3,5,6,2,62,2.86372e-05
3,5,3,3,6,2,3,3,3,5,6,2,62,2.86372e-05
3,3,3,5,6,2,3,5,3,3,6,2,62,2.86372e-05
0,5,3,3,6,2,3,5,3,3,6,2,62,2.86372e-05
3,3,3,5,6,2,3,3,3,5,6,2,64,1.59113e-06
3,5,3,3,6,2,3,3,3,5,6,2,64,1.59113e-06
3,3,3,5,6,2,3,5,3,3,6,2,64,1.59113e-06
0,5,3,3,6,2,3,5,3,3,6,2,64,1.59113e-06
3,3,3,5,6,2,3,3,3,5,6,2,66,5.16197e-08
3,5,3,3,6,2,3,3,3,5,6,2,66,5.16197e-08
3,3,3,5,6,2,3,5,3,3,6,2,66,5.16197e-08
0,5,3,3,6,2,3,5,3,3,6,2,66,5.16197e-08
3,3,3,5,6,2,3,3,3,5,6,2,68,-1.2218e-09
3,5,3,3,6,2,3,3,3,5,6,2,68,-1.2218e-09
3,3,3,5,6,2,3,5,3,3,6,2,68,-1.2218e-09
0,5,3,3,6,2,3,5,3,3,6,2,68,-1.2218e-09
3,3,3,5,8,2,3,3,3,5,8,2,58,0.000787674
3,5,3,3,8,2,3,3,3,5,8,2,58,-0.000787674
3,3,3,5,8,2,3,5,3,3,8,2,58,-0.000787674
0,5,3,3,8,2,3,5,3,3,8,2,58,0.000787674
3,3,3,5,8,2,3,3,3,5,8,2,60,0.00280965
3,5,3,3,8,2,3,3,3,5,8,2,60,-0.00280965
3,3,3,5,8,2,3,5,3,3,8,2,60,-0.00280965
0,5,3,3,8,2,3,5,3,3,8,2,60,0.00280965
3,3,3,5,8,2,3,3,3,5,8,2,62,0.00115548
3,5,3,3,8,2,3,3,3,5,8,2,62,-0.00115548
3,3,3,5,8,2,3,5,3,3,8,2,62,-0.00115548
0,5,3,3,8,2,3,5,3,3,8,2,62,0.00115548
3,3,3,5,8,2,3,3,3,5,8,2,64,0.00014445
3,5,3,3,8,2,3,3,3,5,8,2,64,-0.00014445
3,3,3,5,8,2,3,5,3,3,8,2,64,-0.00014445
0,5,3,3,8,2,3,5,3,3,8,2,64,0.00014445
3,3,3,5,8,2,3,3,3,5,8,2,66,5.90074e-06
3,5,3,3,8,2,3,3,3,5,8,2,66,-5.90074e-06
3,3,3,5,8,2,3,5,3,3,8,2,66,-5.90074e-06
0,5,3,3,8,2,3,5,3,3,8,2,66,5.90074e-06
3,3,3,5,8,2,3,3,3,5,8,2,68,8.80026e-08
3,5,3,3,8,2,3,3,3,5,8,2,68,-8.80026e-08
3,3,3,5,8,2,3,5,3,3,8,2,68,-8.80026e-08
0,5,3,3,8,2,3,5,3,3,8,2,68,8.80026e-08
3,3,3,5,4,2,3,3,3,3,4,2,58,0.000672048
3,5,3,3,4,2,3,3,3,3,4,2,58,-0.000672048
3,3,3,5,4,2,3,3,3,3,4,2,60,0.00361838
3,5,3,3,4,2,3,3,3,3,4,2,60,-0.00361838
3,3,3,5,4,2,3,3,3,3,4,2,62,0.00220478
3,5,3,3,4,2,3,3,3,3,4,2,62,-0.00220478
3,3,3,5,4,2,3,3,3,3,4,2,64,0.000217142
3,5,3,3,4,2,3,3,3,3,4,2,64,-0.000217142
3,3,3,5,4,2,3,3,3,3,4,2,66,6.53509e-06
3,5,3,3,4,2,3,3,3,3,4,2,66,-6.53509e-06
3,3,3,5,4,2,3,3,3,3,4,2,68,6.81633e-08
3,5,3,3,4,2,3,3,3,3,4,2,68,-6.81633e-08
3,3,3,5,4,2,3,1,3,5,4,2,58,0.00448686
3,5,3,3,4,2,3,1,3,5,4,2,58,-0.00448686
3,3,3,5,4,2,3,5,3,1,4,2,58,0.00448686
0,5,3,3,4,2,3,5,3,1,4,2,58,-0.00448686
3,3,3,5,4,2,3,1,3,5,4,2,60,0.00946355
3,5,3,3,4,2,3,1,3,5,4,2,60,-0.00946355
3,3,3,5,4,2,3,5,3,1,4,2,60,0.00946355
0,5,3,3,4,2,3,5,3,1,4,2,60,-0.00946355
3,3,3,5,4,2,3,1,3,5,4,2,62,0.00290184
3,5,3,3,4,2,3,1,3,5,4,2,62,-0.00290184
3,3,3,5,4,2,3,5,3,1,4,2,62,0.00290184
0,5,3,3,4,2,3,5,3,1,4,2,62,-0.00290184
3,3,3,5,4,2,3,1,3,5,4,2,64,0.000259179
3,5,3,3,4,2,3,1,3,5,4,2,64,-0.000259179
3,3,3,5,4,2,3,5,3,1,4,2,64,0.000259179
0,5,3,3,4,2,3,5,3,1,4,2,64,-0.000259179
3,3,3,5,4,2,3,1,3,5,4,2,66,8.22478e-06
3,5,3,3,4,2,3,1,3,5,4,2,66,-8.22478e-06
3,3,3,5,4,2,3,5,3,1,4,2,66,8.22478e-06
0,5,3,3,4,2,3,5,3,1,4,2,66,-8.22478e-06
3,3,3,5,4,2,3,1,3,5,4,2,68,8.36727e-08
3,5,3,3,4,2,3,1,3,5,4,2,68,-8.36727e-08
3,3,3,5,4,2,3,5,3,1,4,2,68,8.36727e-08
0,5,3,3,4,2,3,5,3,1,4,2,68,-8.36727e-08
3,3,3,5,6,2,3,1,3,5,6,2,58,-0.00106889
3,5,3,3,6,2,3,1,3,5,6,2,58,-0.00106889
3,3,3,5,6,2,3,5,3,1,6,2,58,0.00106889
0,5,3,3,6,2,3,5,3,1,6,2,58,0.00106889
3,3,3,5,6,2,3,1,3,5,6,2,60,-0.00193258
3,5,3,3,6,2,3,1,3,5,6,2,60,-0.00193258
3,3,3,5,6,2,3,5,3,1,6,2,60,0.00193258
0,5,3,3,6,2,3,5,3,1,6,2,60,0.00193258
3,3,3,5,6,2,3,1,3,5,6,2,62,-0.000628919
3,5,3,3,6,2,3,1,3,5,6,2,62,-0.000628919
3,3,3,5,6,2,3,5,3,1,6,2,62,0.000628919
0,5,3,3,6,2,3,5,3,1,6,2,62,0.000628919
3,3,3,5,6,2,3,1,3,5,6,2,64,-5.69929e-05
3,5,3,3,6,2,3,1,3,5,6,2,64,-5.69929e-05
3,3,3,5,6,2,3,5,3,1,6,2,64,5.69929e-05
0,5,3,3,6,2,3,5,3,1,6,2,64,5.69929e-05
3,3,3,5,6,2,3,1,3,5,6,2,66,-1.58046e-06
3,5,3,3,6,2,3,1,3,5,6,2,66,-1.58046e-06
3,3,3,5,6,2,3,5,3,1,6,2,66,1.58046e-06
0,5,3,3,6,2,3,5,3,1,6,2,66,1.58046e-06
3,3,3,5,6,2,3,1,3,5,6,2,68,-7.62196e-09
3,5,3,3,6,2,3,1,3,5,6,2,68,-7.62196e-09
3,3,3,5,6,2,3,5,3,1,6,2,68,7.62196e-09
0,5,3,3,6,2,3,5,3,1,6,2,68,7.62196e-09
3,3,3,5,2,2,3,1,3,3,2,2,58,-0.000695058
3,5,3,3,2,2,3,1,3,3,2,2,58,-0.000695058
3,3,3,5,2,2,3,3,3,1,2,2,58,-0.000695058
0,5,3,3,2,2,3,3,3,1,2,2,58,-0.000695058
3,3,3,5,2,2,3,1,3,3,2,2,60,-0.00159969
3,5,3,3,2,2,3,1,3,3,2,2,60,-0.00159969
3,3,3,5,2,2,3,3,3,1,2,2,60,-0.00159969
0,5,3,3,2,2,3,3,3,1,2,2,60,-0.00159969
3,3,3,5,2,2,3,1,3,3,2,2,62,-0.000622559
3,5,3,3,2,2,3,1,3,3,2,2,62,-0.000622559
3,3,3,5,2,2,3,3,3,1,2,2,62,-0.000622559
0,5,3,3,2,2,3,3,3,1,2,2,62,-0.000622559
3,3,3,5,2,2,3,1,3,3,2,2,64,-5.47837e-05
3,5,3,3,2,2,3,1,3,3,2,2,64,-5.47837e-05
3,3,3,5,2,2,3,3,3,1,2,2,64,-5.47837e-05
0,5,3,3,2,2,3,3,3,1,2,2,64,-5.47837e-05
3,3,3,5,2,2,3,1,3,3,2,2,66,-1.4621e-06
3,5,3,3,2,2,3,1,3,3,2,2,66,-1.4621e-06
3,3,3,5,2,2,3,3,3,1,2,2,66,-1.4621e-06
0,5,3,3,2,2,3,3,3,1,2,2,66,-1.4621e-06
3,3,3,5,2,2,3,1,3,3,2,2,68,-1.05344e-08
3,5,3,3,2,2,3,1,3,3,2,2,68,-1.05344e-08
3,3,3,5,2,2,3,3,3,1,2,2,68,-1.05344e-08
0,5,3,3,2,2,3,3,3,1,2,2,68,-1.05344e-08
3,3,3,5,4,2,3,1,3,3,4,2,58,-0.00223892
3,5,3,3,4,2,3,1,3,3,4,2,58,0.00223892
3,3,3,5,4,2,3,3,3,1,4,2,58,0.00223892
0,5,3,3,4,2,3,3,3,1,4,2,58,-0.00223892
3,3,3,5,4,2,3,1,3,3,4,2,60,-0.00601028
3,5,3,3,4,2,3,1,3,3,4,2,60,0.00601028
3,3,3,5,4,2,3,3,3,1,4,2,60,0.00601028
0,5,3,3,4,2,3,3,3,1,4,2,60,-0.00601028
3,3,3,5,4,2,3,1,3,3,4,2,62,-0.00228126
3,5,3,3,4,2,3,1,3,3,4,2,62,0.00228126
3,3,3,5,4,2,3,3,3,1,4,2,62,0.00228126
0,5,3,3,4,2,3,3,3,1,4,2,62,-0.00228126
3,3,3,5,4,2,3,1,3,3,4,2,64,-0.000203196
3,5,3,3,4,2,3,1,3,3,4,2,64,0.000203196
3,3,3,5,4,2,3,3,3,1,4,2,64,0.000203196
0,5,3,3,4,2,3,3,3,1,4,2,64,-0.000203196
3,3,3,5,4,2,3,1,3,3,4,2,66,-6.24624e-06
3,5,3,3,4,2,3,1,3,3,4,2,66,6.24624e-06
3,3,3,5,4,2,3,3,3,1,4,2,66,6.24624e-06
0,5,3,3,4,2,3,3,3,1,4,2,66,-6.24624e-06
3,3,3,5,4,2,3,1,3,3,4,2,68,-6.1294e-08
3,5,3,3,4,2,3,1,3,3,4,2,68,6.1294e-08
3,3,3,5,4,2,3,3,3,1,4,2,68,6.1294e-08
0,5,3,3,4,2,3,3,3,1,4,2,68,-6.1294e-08
3,3,3,3,0,2,4,9,4,9,0,2,56,0.0725658
3,3,3,3,0,2,4,9,4,9,0,2,58,0.575626
3,3,3,3,0,2,4,9,4,9,0,2,60,0.374456
3,3,3,3,0,2,4,9,4,9,0,2,62,0.0597087
3,3,3,3,0,2,4,9,4,9,0,2,64,0.00260193
3,3,3,3,0,2,4,9,4,9,0,2,66,3.41207e-05
3,3,3,3,4,2,4,9,4,9,4,2,56,-0.0124773
3,3,3,3,4,2,4,9,4,9,4,2,58,-0.0922871
3,3,3,3,4,2,4,9,4,9,4,2,60,-0.0477313
3,3,3,3,4,2,4,9,4,9,4,2,62,-0.00845815
3,3,3,3,4,2,4,9,4,9,4,2,64,-0.000405725
3,3,3,3,4,2,4,9,4,9,4,2,66,-5.4072e-06
3,3,3,3,0,2,3,5,3,5,0,2,58,-0.170695
3,3,3,3,0,2,3,5,3,5,0,2,60,-0.33875
3,3,3,3,0,2,3,5,3,5,0,2,62,-0.128867
3,3,3,3,0,2,3,5,3,5,0,2,64,-0.0126247
3,3,3,3,0,2,3,5,3,5,0,2,66,-0.000397582
3,3,3,3,0,2,3,5,3,5,0,2,68,-4.27531e-06
3,3,3,3,4,2,3,5,3,5,4,2,58,0.00646726
3,3,3,3,4,2,3,5,3,5,4,2,60,0.0430437
3,3,3,3,4,2,3,5,3,5,4,2,62,0.0169127
3,3,3,3,4,2,3,5,3,5,4,2,64,0.00125751
3,3,3,3,4,2,3,5,3,5,4,2,66,2.95594e-05
3,3,3,3,4,2,3,5,3,5,4,2,68,2.28736e-07
3,3,3,3,4,2,3,3,3,5,4,2,58,0.00152874
3,3,3,3,4,2,3,5,3,3,4,2,58,-0.00152874
3,3,3,3,4,2,3,3,3,5,4,2,60,0.0063646
3,3,3,3,4,2,3,5,3,3,4,2,60,-0.0063646
3,3,3,3,4,2,3,3,3,5,4,2,62,0.00265116
3,3,3,3,4,2,3,5,3,3,4,2,62,-0.00265116
3,3,3,3,4,2,3,3,3,5,4,2,64,0.000236058
3,3,3,3,4,2,3,5,3,3,4,2,64,-0.000236058
3,3,3,3,4,2,3,3,3,5,4,2,66,6.46838e-06
3,3,3,3,4,2,3,5,3,3,4,2,66,-6.46838e-06
3,3,3,3,4,2,3,3,3,5,4,2,68,5.62971e-08
3,3,3,3,4,2,3,5,3,3,4,2,68,-5.62971e-08
3,3,3,3,0,2,3,3,3,3,0,2,58,-0.0619787
3,3,3,3,0,2,3,3,3,3,0,2,60,-0.191005
3,3,3,3,0,2,3,3,3,3,0,2,62,-0.0911093
3,3,3,3,0,2,3,3,3,3,0,2,64,-0.00980274
3,3,3,3,0,2,3,3,3,3,0,2,66,-0.00031879
3,3,3,3,0,2,3,3,3,3,0,2,68,-3.39696e-06
3,3,3,3,4,2,3,3,3,3,4,2,58,0.00384917
3,3,3,3,4,2,3,3,3,3,4,2,60,0.0170119
3,3,3,3,4,2,3,3,3,3,4,2,62,0.0102307
3,3,3,3,4,2,3,3,3,3,4,2,64,0.000952378
3,3,3,3,4,2,3,3,3,3,4,2,66,2.50837e-05
3,3,3,3,4,2,3,3,3,3,4,2,68,1.96348e-07
3,3,3,3,4,2,3,1,3,5,4,2,58,0.00754074
3,3,3,3,4,2,3,5,3,1,4,2,58,0.00754074
3,3,3,3,4,2,3,1,3,5,4,2,60,0.0169496
3,3,3,3,4,2,3,5,3,1,4,2,60,0.0169496
3,3,3,3,4,2,3,1,3,5,4,2,62,0.00543307
3,3,3,3,4,2,3,5,3,1,4,2,62,0.00543307
3,3,3,3,4,2,3,1,3,5,4,2,64,0.000439641
3,3,3,3,4,2,3,5,3,1,4,2,64,0.000439641
3,3,3,3,4,2,3,1,3,5,4,2,66,1.25532e-05
3,3,3,3,4,2,3,5,3,1,4,2,66,1.25532e-05
3,3,3,3,4,2,3,1,3,5,4,2,68,1.2328e-07
3,3,3,3,4,2,3,5,3,1,4,2,68,1.2328e-07
3,3,3,3,4,2,3,1,3,3,4,2,58,-0.00535922
3,3,3,3,4,2,3,3,3,1,4,2,58,0.00535922
3,3,3,3,4,2,3,1,3,3,4,2,60,-0.0163481
3,3,3,3,4,2,3,3,3,1,4,2,60,0.0163481
3,3,3,3,4,2,3,1,3,3,4,2,62,-0.00713018
3,3,3,3,4,2,3,3,3,1,4,2,62,0.00713018
3,3,3,3,4,2,3,1,3,3,4,2,64,-0.000590485
3,3,3,3,4,2,3,3,3,1,4,2,64,0.000590485
3,3,3,3,4,2,3,1,3,3,4,2,66,-1.57307e-05
3,3,3,3,4,2,3,3,3,1,4,2,66,1.57307e-05
3,3,3,3,4,2,3,1,3,3,4,2,68,-1.33496e-07
3,3,3,3,4,2,3,3,3,1,4,2,68,1.33496e-07
3,3,3,3,0,2,3,1,3,1,0,2,58,-0.114193
3,3,3,3,0,2,3,1,3,1,0,2,60,-0.195712
3,3,3,3,0,2,3,1,3,1,0,2,62,-0.0661958
3,3,3,3,0,2,3,1,3,1,0,2,64,-0.00606245
3,3,3,3,0,2,3,1,3,1,0,2,66,-0.000192432
3,3,3,3,0,2,3,1,3,1,0,2,68,-2.09881e-06
3,1,4,9,8,2,3,5,4,9,8,2,57,0.00133846
4,9,3,1,8,2,3,5,4,9,8,2,57,0.00133846
3,1,4,9,8,2,4,9,3,5,8,2,57,0.00133846
0,9,3,1,8,2,4,9,3,5,8,2,57,0.00133846
3,1,4,9,8,2,3,5,4,9,8,2,59,0.00391662
4,9,3,1,8,2,3,5,4,9,8,2,59,0.00391662
3,1,4,9,8,2,4,9,3,5,8,2,59,0.00391662
0,9,3,1,8,2,4,9,3,5,8,2,59,0.00391662
3,1,4,9,8,2,3,5,4,9,8,2,61,0.00150204
4,9,3,1,8,2,3,5,4,9,8,2,61,0.00150204
3,1,4,9,8,2,4,9,3,5,8,2,61,0.00150204
0,9,3,1,8,2,4,9,3,5,8,2,61,0.00150204
3,1,4,9,8,2,3,5,4,9,8,2,63,0.000175595
4,9,3,1,8,2,3,5,4,9,8,2,63,0.000175595
3,1,4,9,8,2,4,9,3,5,8,2,63,0.000175595
0,9,3,1,8,2,4,9,3,5,8,2,63,0.000175595
3,1,4,9,8,2,3,5,4,9,8,2,65,6.28204e-06
4,9,3,1,8,2,3,5,4,9,8,2,65,6.28204e-06
3,1,4,9,8,2,4,9,3,5,8,2,65,6.28204e-06
0,9,3,1,8,2,4,9,3,5,8,2,65,6.28204e-06
3,1,4,9,8,2,3,5,4,9,8,2,67,7.03215e-08
4,9,3,1,8,2,3,5,4,9,8,2,67,7.03215e-08
3,1,4,9,8,2,4,9,3,5,8,2,67,7.03215e-08
0,9,3,1,8,2,4,9,3,5,8,2,67,7.03215e-08
3,1,4,9,10,2,3,5,4,9,10,2,57,0.00279706
4,9,3,1,10,2,3,5,4,9,10,2,57,-0.00279706
3,1,4,9,10,2,4,9,3,5,10,2,57,-0.00279706
0,9,3,1,10,2,4,9,3,5,10,2,57,0.00279706
3,1,4,9,10,2,3,5,4,9,10,2,59,0.0091086
4,9,3,1,10,2,3,5,4,9,10,2,59,-0.0091086
3,1,4,9,10,2,4,9,3,5,10,2,59,-0.0091086
0,9,3,1,10,2,4,9,3,5,10,2,59,0.0091086
3,1,4,9,10,2,3,5,4,9,10,2,61,0.00348808
4,9,3,1,10,2,3,5,4,9,10,2,61,-0.00348808
3,1,4,9,10,2,4,9,3,5,10,2,61,-0.00348808
0,9,3,1,10,2,4,9,3,5,10,2,61,0.00348808
3,1,4,9,10,2,3,5,4,9,10,2,63,0.000413361
4,9,3,1,10,2,3,5,4,9,10,2,63,-0.000413361
3,1,4,9,10,2,4,9,3,5,10,2,63,-0.000413361
0,9,3,1,10,2,4,9,3,5,10,2,63,0.000413361
3,1,4,9,10,2,3,5,4,9,10,2,65,1.52137e-05
4,9,3,1,10,2,3,5,4,9,10,2,65,-1.52137e-05
3,1,4,9,10,2,4,9,3,5,10,2,65,-1.52137e-05
0,9,3,1,10,2,4,9,3,5,10,2,65,1.52137e-05
3,1,4,9,10,2,3,5,4,9,10,2,67,1.81285e-07
4,9,3,1,10,2,3,5,4,9,10,2,67,-1.81285e-07
3,1,4,9,10,2,4,9,3,5,10,2,67,-1.81285e-07
0,9,3,1,10,2,4,9,3,5,10,2,67,1.81285e-07
3,1,4,9,8,2,3,3,4,9,8,2,57,0.000124948
4,9,3,1,8,2,3,3,4,9,8,2,57,0.000124948
3,1,4,9,8,2,4,9,3,3,8,2,57,-0.000124948
0,9,3,1,8,2,4,9,3,3,8,2,57,-0.000124948
3,1,4,9,8,2,3,3,4,9,8,2,59,0.00112193
4,9,3,1,8,2,3,3,4,9,8,2,59,0.00112193
3,1,4,9,8,2,4,9,3,3,8,2,59,-0.00112193
0,9,3,1,8,2,4,9,3,3,8,2,59,-0.00112193
3,1,4,9,8,2,3,3,4,9,8,2,61,0.000570757
4,9,3,1,8,2,3,3,4,9,8,2,61,0.000570757
3,1,4,9,8,2,4,9,3,3,8,2,61,-0.000570757
0,9,3,1,8,2,4,9,3,3,8,2,61,-0.000570757
3,1,4,9,8,2,3,3,4,9,8,2,63,6.85819e-05
4,9,3,1,8,2,3,3,4,9,8,2,63,6.85819e-05
3,1,4,9,8,2,4,9,3,3,8,2,63,-6.85819e-05
0,9,3,1,8,2,4,9,3,3,8,2,63,-6.85819e-05
3,1,4,9,8,2,3,3,4,9,8,2,65,2.24027e-06
4,9,3,1,8,2,3,3,4,9,8,2,65,2.24027e-06
3,1,4,9,8,2,4,9,3,3,8,2,65,-2.24027e-06
0,9,3,1,8,2,4,9,3,3,8,2,65,-2.24027e-06
3,1,4,9,8,2,3,3,4,9,8,2,67,2.73682e-08
4,9,3,1,8,2,3,3,4,9,8,2,67,2.73682e-08
3,1,4,9,8,2,4,9,3,3,8,2,67,-2.73682e-08
0,9,3,1,8,2,4,9,3,3,8,2,67,-2.73682e-08
3,1,4,9,10,2,3,3,4,9,10,2,57,-0.000624402
4,9,3,1,10,2,3,3,4,9,10,2,57,0.000624402
3,1,4,9,10,2,4,9,3,3,10,2,57,-0.000624402
0,9,3,1,10,2,4,9,3,3,10,2,57,0.000624402
3,1,4,9,10,2,3,3,4,9,10,2,59,-0.00382245
4,9,3,1,10,2,3,3,4,9,10,2,59,0.00382245
3,1,4,9,10,2,4,9,3,3,10,2,59,-0.00382245
0,9,3,1,10,2,4,9,3,3,10,2,59,0.00382245
3,1,4,9,10,2,3,3,4,9,10,2,61,-0.00194968
4,9,3,1,10,2,3,3,4,9,10,2,61,0.00194968
3,1,4,9,10,2,4,9,3,3,10,2,61,-0.00194968
0,9,3,1,10,2,4,9,3,3,10,2,61,0.00194968
3,1,4,9,10,2,3,3,4,9,10,2,63,-0.000258788
4,9,3,1,10,2,3,3,4,9,10,2,63,0.000258788
3,1,4,9,10,2,4,9,3,3,10,2,63,-0.000258788
0,9,3,1,10,2,4,9,3,3,10,2,63,0.000258788
3,1,4,9,10,2,3,3,4,9,10,2,65,-9.79249e-06
4,9,3,1,10,2,3,3,4,9,10,2,65,9.79249e-06
3,1,4,9,10,2,4,9,3,3,10,2,65,-9.79249e-06
0,9,3,1,10,2,4,9,3,3,10,2,65,9.79249e-06
3,1,4,9,10,2,3,3,4,9,10,2,67,-1.24877e-07
4,9,3,1,10,2,3,3,4,9,10,2,67,1.24877e-07
3,1,4,9,10,2,4,9,3,3,10,2,67,-1.24877e-07
0,9,3,1,10,2,4,9,3,3,10,2,67,1.24877e-07
3,1,4,9,8,2,3,1,4,9,8,2,57,-0.000536891
4,9,3,1,8,2,3,1,4,9,8,2,57,-0.000536891
3,1,4,9,8,2,4,9,3,1,8,2,57,-0.000536891
0,9,3,1,8,2,4,9,3,1,8,2,57,-0.000536891
3,1,4,9,8,2,3,1,4,9,8,2,59,-0.00108141
4,9,3,1,8,2,3,1,4,9,8,2,59,-0.00108141
3,1,4,9,8,2,4,9,3,1,8,2,59,-0.00108141
0,9,3,1,8,2,4,9,3,1,8,2,59,-0.00108141
3,1,4,9,8,2,3,1,4,9,8,2,61,-0.000376828
4,9,3,1,8,2,3,1,4,9,8,2,61,-0.000376828
3,1,4,9,8,2,4,9,3,1,8,2,61,-0.000376828
0,9,3,1,8,2,4,9,3,1,8,2,61,-0.000376828
3,1,4,9,8,2,3,1,4,9,8,2,63,-3.62323e-05
4,9,3,1,8,2,3,1,4,9,8,2,63,-3.62323e-05
3,1,4,9,8,2,4,9,3,1,8,2,63,-3.62323e-05
0,9,3,1,8,2,4,9,3,1,8,2,63,-3.62323e-05
3,1,4,9,8,2,3,1,4,9,8,2,65,-9.48557e-07
4,9,3,1,8,2,3,1,4,9,8,2,65,-9.48557e-07
3,1,4,9,8,2,4,9,3,1,8,2,65,-9.48557e-07
0,9,3,1,8,2,4,9,3,1,8,2,65,-9.48557e-07
3,1,4,9,8,2,3,1,4,9,8,2,67,-6.39086e-09
4,9,3,1,8,2,3,1,4,9,8,2,67,-6.39086e-09
3,1,4,9,8,2,4,9,3,1,8,2,67,-6.39086e-09
0,9,3,1,8,2,4,9,3,1,8,2,67,-6.39086e-09
3,1,4,9,10,2,3,1,4,9,10,2,57,4.06953e-05
4,9,3,1,10,2,3,1,4,9,10,2,57,-4.06953e-05
3,1,4,9,10,2,4,9,3,1,10,2,57,-4.06953e-05
0,9,3,1,10,2,4,9,3,1,10,2,57,4.06953e-05
3,1,4,9,10,2,3,1,4,9,10,2,59,0.00157965
4,9,3,1,10,2,3,1,4,9,10,2,59,-0.00157965
3,1,4,9,10,2,4,9,3,1,10,2,59,-0.00157965
0,9,3,1,10,2,4,9,3,1,10,2,59,0.00157965
3,1,4,9,10,2,3,1,4,9,10,2,61,0.000789702
4,9,3,1,10,2,3,1,4,9,10,2,61,-0.000789702
3,1,4,9,10,2,4,9,3,1,10,2,61,-0.000789702
0,9,3,1,10,2,4,9,3,1,10,2,61,0.000789702
3,1,4,9,10,2,3,1,4,9,10,2,63,0.000110724
4,9,3,1,10,2,3,1,4,9,10,2,63,-0.000110724
3,1,4,9,10,2,4,9,3,1,10,2,63,-0.000110724
0,9,3,1,10,2,4,9,3,1,10,2,63,0.000110724
3,1,4,9,10,2,3,1,4,9,10,2,65,4.97377e-06
4,9,3,1,10,2,3,1,4,9,10,2,65,-4.97377e-06
3,1,4,9,10,2,4,9,3,1,10,2,65,-4.97377e-06
0,9,3,1,10,2,4,9,3,1,10,2,65,4.97377e-06
3,1,4,9,10,2,3,1,4,9,10,2,67,7.92114e-08
4,9,3,1,10,2,3,1,4,9,10,2,67,-7.92114e-08
3,1,4,9,10,2,4,9,3,1,10,2,67,-7.92114e-08
0,9,3,1,10,2,4,9,3,1,10,2,67,7.92114e-08
3,1,3,5,4,2,4,9,4,9,4,2,56,-0.00534296
3,5,3,1,4,2,4,9,4,9,4,2,56,-0.00534296
3,1,3,5,4,2,4,9,4,9,4,2,58,-0.0610228
3,5,3,1,4,2,4,9,4,9,4,2,58,-0.0610228
3,1,3,5,4,2,4,9,4,9,4,2,60,-0.0320711
3,5,3,1,4,2,4,9,4,9,4,2,60,-0.0320711
3,1,3,5,4,2,4,9,4,9,4,2,62,-0.0052167
3,5,3,1,4,2,4,9,4,9,4,2,62,-0.0052167
3,1,3,5,4,2,4,9,4,9,4,2,64,-0.000289424
3,5,3,1,4,2,4,9,4,9,4,2,64,-0.000289424
3,1,3,5,4,2,4,9,4,9,4,2,66,-5.27802e-06
3,5,3,1,4,2,4,9,4,9,4,2,66,-5.27802e-06
3,1,3,5,4,2,3,5,3,5,4,2,58,0.0166939
3,5,3,1,4,2,3,5,3,5,4,2,58,0.0166939
3,1,3,5,4,2,3,5,3,5,4,2,60,0.0270475
3,5,3,1,4,2,3,5,3,5,4,2,60,0.0270475
3,1,3,5,4,2,3,5,3,5,4,2,62,0.00910495
3,5,3,1,4,2,3,5,3,5,4,2,62,0.00910495
3,1,3,5,4,2,3,5,3,5,4,2,64,0.000851495
3,5,3,1,4,2,3,5,3,5,4,2,64,0.000851495
3,1,3,5,4,2,3,5,3,5,4,2,66,2.61492e-05
3,5,3,1,4,2,3,5,3,5,4,2,66,2.61492e-05
3,1,3,5,4,2,3,5,3,5,4,2,68,2.63781e-07
3,5,3,1,4,2,3,5,3,5,4,2,68,2.63781e-07
3,1,3,5,4,2,3,3,3,5,4,2,58,0.00305579
3,5,3,1,4,2,3,3,3,5,4,2,58,0.00305579
3,1,3,5,4,2,3,5,3,3,4,2,58,-0.00305579
0,5,3,1,4,2,3,5,3,3,4,2,58,-0.00305579
3,1,3,5,4,2,3,3,3,5,4,2,60,0.00579927
3,5,3,1,4,2,3,3,3,5,4,2,60,0.00579927
3,1,3,5,4,2,3,5,3,3,4,2,60,-0.00579927
0,5,3,1,4,2,3,5,3,3,4,2,60,-0.00579927
3,1,3,5,4,2,3,3,3,5,4,2,62,0.00229286
3,5,3,1,4,2,3,3,3,5,4,2,62,0.00229286
3,1,3,5,4,2,3,5,3,3,4,2,62,-0.00229286
0,5,3,1,4,2,3,5,3,3,4,2,62,-0.00229286
3,1,3,5,4,2,3,3,3,5,4,2,64,0.000244101
3,5,3,1,4,2,3,3,3,5,4,2,64,0.000244101
3,1,3,5,4,2,3,5,3,3,4,2,64,-0.000244101
0,5,3,1,4,2,3,5,3,3,4,2,64,-0.000244101
3,1,3,5,4,2,3,3,3,5,4,2,66,8.34439e-06
3,5,3,1,4,2,3,3,3,5,4,2,66,8.34439e-06
3,1,3,5,4,2,3,5,3,3,4,2,66,-8.34439e-06
0,5,3,1,4,2,3,5,3,3,4,2,66,-8.34439e-06
3,1,3,5,4,2,3,3,3,5,4,2,68,9.04251e-08
3,5,3,1,4,2,3,3,3,5,4,2,68,9.04251e-08
3,1,3,5,4,2,3,5,3,3,4,2,68,-9.04251e-08
0,5,3,1,4,2,3,5,3,3,4,2,68,-9.04251e-08
3,1,3,5,6,2,3,3,3,5,6,2,58,-0.000730011
3,5,3,1,6,2,3,3,3,5,6,2,58,0.000730011
3,1,3,5,6,2,3,5,3,3,6,2,58,-0.000730011
0,5,3,1,6,2,3,5,3,3,6,2,58,0.000730011
3,1,3,5,6,2,3,3,3,5,6,2,60,-0.00126268
3,5,3,1,6,2,3,3,3,5,6,2,60,0.00126268
3,1,3,5,6,2,3,5,3,3,6,2,60,-0.00126268
0,5,3,1,6,2,3,5,3,3,6,2,60,0.00126268
3,1,3,5,6,2,3,3,3,5,6,2,62,-0.000446837
3,5,3,1,6,2,3,3,3,5,6,2,62,0.000446837
3,1,3,5,6,2,3,5,3,3,6,2,62,-0.000446837
0,5,3,1,6,2,3,5,3,3,6,2,62,0.000446837
3,1,3,5,6,2,3,3,3,5,6,2,64,-5.00916e-05
3,5,3,1,6,2,3,3,3,5,6,2,64,5.00916e-05
3,1,3,5,6,2,3,5,3,3,6,2,64,-5.00916e-05
0,5,3,1,6,2,3,5,3,3,6,2,64,5.00916e-05
3,1,3,5,6,2,3,3,3,5,6,2,66,-1.60947e-06
3,5,3,1,6,2,3,3,3,5,6,2,66,1.60947e-06
3,1,3,5,6,2,3,5,3,3,6,2,66,-1.60947e-06
0,5,3,1,6,2,3,5,3,3,6,2,66,1.60947e-06
3,1,3,5,6,2,3,3,3,5,6,2,68,-9.89793e-09
3,5,3,1,6,2,3,3,3,5,6,2,68,9.89793e-09
3,1,3,5,6,2,3,5,3,3,6,2,68,-9.89793e-09
0,5,3,1,6,2,3,5,3,3,6,2,68,9.89793e-09
3,1,3,5,4,2,3,3,3,3,4,2,58,0.00335433
3,5,3,1,4,2,3,3,3,3,4,2,58,0.00335433
3,1,3,5,4,2,3,3,3,3,4,2,60,0.00917119
3,5,3,1,4,2,3,3,3,3,4,2,60,0.00917119
3,1,3,5,4,2,3,3,3,3,4,2,62,0.00388907
3,5,3,1,4,2,3,3,3,3,4,2,62,0.00388907
3,1,3,5,4,2,3,3,3,3,4,2,64,0.000408104
3,5,3,1,4,2,3,3,3,3,4,2,64,0.000408104
3,1,3,5,4,2,3,3,3,3,4,2,66,1.41132e-05
3,5,3,1,4,2,3,3,3,3,4,2,66,1.41132e-05
3,1,3,5,4,2,3,3,3,3,4,2,68,1.51688e-07
3,5,3,1,4,2,3,3,3,3,4,2,68,1.51688e-07
3,1,3,5,4,2,3,1,3,5,4,2,58,0.00911361
3,5,3,1,4,2,3,1,3,5,4,2,58,0.00911361
3,1,3,5,4,2,3,5,3,1,4,2,58,0.00911361
0,5,3,1,4,2,3,5,3,1,4,2,58,0.00911361
3,1,3,5,4,2,3,1,3,5,4,2,60,0.00929271
3,5,3,1,4,2,3,1,3,5,4,2,60,0.00929271
3,1,3,5,4,2,3,5,3,1,4,2,60,0.00929271
0,5,3,1,4,2,3,5,3,1,4,2,60,0.00929271
3,1,3,5,4,2,3,1,3,5,4,2,62,0.00270978
3,5,3,1,4,2,3,1,3,5,4,2,62,0.00270978
3,1,3,5,4,2,3,5,3,1,4,2,62,0.00270978
0,5,3,1,4,2,3,5,3,1,4,2,62,0.00270978
3,1,3,5,4,2,3,1,3,5,4,2,64,0.000267772
3,5,3,1,4,2,3,1,3,5,4,2,64,0.000267772
3,1,3,5,4,2,3,5,3,1,4,2,64,0.000267772
0,5,3,1,4,2,3,5,3,1,4,2,64,0.000267772
3,1,3,5,4,2,3,1,3,5,4,2,66,1.03263e-05
3,5,3,1,4,2,3,1,3,5,4,2,66,1.03263e-05
3,1,3,5,4,2,3,5,3,1,4,2,66,1.03263e-05
0,5,3,1,4,2,3,5,3,1,4,2,66,1.03263e-05
3,1,3,5,4,2,3,1,3,5,4,2,68,1.32994e-07
3,5,3,1,4,2,3,1,3,5,4,2,68,1.32994e-07
3,1,3,5,4,2,3,5,3,1,4,2,68,1.32994e-07
0,5,3,1,4,2,3,5,3,1,4,2,68,1.32994e-07
3,1,3,5,6,2,3,1,3,5,6,2,58,0.000454425
3,5,3,1,6,2,3,1,3,5,6,2,58,-0.000454425
3,1,3,5,6,2,3,5,3,1,6,2,58,-0.000454425
0,5,3,1,6,2,3,5,3,1,6,2,58,0.000454425
3,1,3,5,6,2,3,1,3,5,6,2,60,0.000924466
3,5,3,1,6,2,3,1,3,5,6,2,60,-0.000924466
3,1,3,5,6,2,3,5,3,1,6,2,60,-0.000924466
0,5,3,1,6,2,3,5,3,1,6,2,60,0.000924466
3,1,3,5,6,2,3,1,3,5,6,2,62,0.000369299
3,5,3,1,6,2,3,1,3,5,6,2,62,-0.000369299
3,1,3,5,6,2,3,5,3,1,6,2,62,-0.000369299
0,5,3,1,6,2,3,5,3,1,6,2,62,0.000369299
3,1,3,5,6,2,3,1,3,5,6,2,64,3.81569e-05
3,5,3,1,6,2,3,1,3,5,6,2,64,-3.81569e-05
3,1,3,5,6,2,3,5,3,1,6,2,64,-3.81569e-05
0,5,3,1,6,2,3,5,3,1,6,2,64,3.81569e-05
3,1,3,5,6,2,3,1,3,5,6,2,66,1.06578e-06
3,5,3,1,6,2,3,1,3,5,6,2,66,-1.06578e-06
3,1,3,5,6,2,3,5,3,1,6,2,66,-1.06578e-06
0,5,3,1,6,2,3,5,3,1,6,2,66,1.06578e-06
3,1,3,5,6,2,3,1,3,5,6,2,68,4.69713e-09
3,5,3,1,6,2,3,1,3,5,6,2,68,-4.69713e-09
3,1,3,5,6,2,3,5,3,1,6,2,68,-4.69713e-09
0,5,3,1,6,2,3,5,3,1,6,2,68,4.69713e-09
3,1,3,5,4,2,3,1,3,3,4,2,58,-0.00448857
3,5,3,1,4,2,3,1,3,3,4,2,58,-0.00448857
3,1,3,5,4,2,3,3,3,1,4,2,58,0.00448857
0,5,3,1,4,2,3,3,3,1,4,2,58,0.00448857
3,1,3,5,4,2,3,1,3,3,4,2,60,-0.00761799
3,5,3,1,4,2,3,1,3,3,4,2,60,-0.00761799
3,1,3,5,4,2,3,3,3,1,4,2,60,0.00761799
0,5,3,1,4,2,3,3,3,1,4,2,60,0.00761799
3,1,3,5,4,2,3,1,3,3,4,2,62,-0.00252037
3,5,3,1,4,2,3,1,3,3,4,2,62,-0.00252037
3,1,3,5,4,2,3,3,3,1,4,2,62,0.00252037
0,5,3,1,4,2,3,3,3,1,4,2,62,0.00252037
3,1,3,5,4,2,3,1,3,3,4,2,64,-0.000231211
3,5,3,1,4,2,3,1,3,3,4,2,64,-0.000231211
3,1,3,5,4,2,3,3,3,1,4,2,64,0.000231211
0,5,3,1,4,2,3,3,3,1,4,2,64,0.000231211
3,1,3,5,4,2,3,1,3,3,4,2,66,-7.98336e-06
3,5,3,1,4,2,3,1,3,3,4,2,66,-7.98336e-06
3,1,3,5,4,2,3,3,3,1,4,2,66,7.98336e-06
0,5,3,1,4,2,3,3,3,1,4,2,66,7.98336e-06
3,1,3,5,4,2,3,1,3,3,4,2,68,-9.24539e-08
3,5,3,1,4,2,3,1,3,3,4,2,68,-9.24539e-08
3,1,3,5,4,2,3,3,3,1,4,2,68,9.24539e-08
0,5,3,1,4,2,3,3,3,1,4,2,68,9.24539e-08
3,1,3,3,4,2,4,9,4,9,4,2,56,0.00506966
3,3,3,1,4,2,4,9,4,9,4,2,56,-0.00506966
3,1,3,3,4,2,4,9,4,9,4,2,58,0.0642042
3,3,3,1,4,2,4,9,4,9,4,2,58,-0.0642042
3,1,3,3,4,2,4,9,4,9,4,2,60,0.0321441
3,3,3,1,4,2,4,9,4,9,4,2,60,-0.0321441
3,1,3,3,4,2,4,9,4,9,4,2,62,0.00546633
3,3,3,1,4,2,4,9,4,9,4,2,62,-0.00546633
3,1,3,3,4,2,4,9,4,9,4,2,64,0.000278573
3,3,3,1,4,2,4,9,4,9,4,2,64,-0.000278573
3,1,3,3,4,2,4,9,4,9,4,2,66,3.96964e-06
3,3,3,1,4,2,4,9,4,9,4,2,66,-3.96964e-06
3,1,3,3,4,2,3,5,3,5,4,2,58,-0.0193197
3,3,3,1,4,2,3,5,3,5,4,2,58,0.0193197
3,1,3,3,4,2,3,5,3,5,4,2,60,-0.0335624
3,3,3,1,4,2,3,5,3,5,4,2,60,0.0335624
3,1,3,3,4,2,3,5,3,5,4,2,62,-0.0114769
3,3,3,1,4,2,3,5,3,5,4,2,62,0.0114769
3,1,3,3,4,2,3,5,3,5,4,2,64,-0.000870335
3,3,3,1,4,2,3,5,3,5,4,2,64,0.000870335
3,1,3,3,4,2,3,5,3,5,4,2,66,-2.16996e-05
3,3,3,1,4,2,3,5,3,5,4,2,66,2.16996e-05
3,1,3,3,4,2,3,5,3,5,4,2,68,-1.74683e-07
3,3,3,1,4,2,3,5,3,5,4,2,68,1.74683e-07
3,1,3,3,2,2,3,3,3,5,2,2,58,-0.000714276
3,3,3,1,2,2,3,3,3,5,2,2,58,-0.000714276
3,1,3,3,2,2,3,5,3,3,2,2,58,-0.000714276
2,3,3,1,2,2,3,5,3,3,2,2,58,-0.000714276
3,1,3,3,2,2,3,3,3,5,2,2,60,-0.0012374
3,3,3,1,2,2,3,3,3,5,2,2,60,-0.0012374
3,1,3,3,2,2,3,5,3,3,2,2,60,-0.0012374
2,3,3,1,2,2,3,5,3,3,2,2,60,-0.0012374
3,1,3,3,2,2,3,3,3,5,2,2,62,-0.000518105
3,3,3,1,2,2,3,3,3,5,2,2,62,-0.000518105
3,1,3,3,2,2,3,5,3,3,2,2,62,-0.000518105
2,3,3,1,2,2,3,5,3,3,2,2,62,-0.000518105
3,1,3,3,2,2,3,3,3,5,2,2,64,-4.8721e-05
3,3,3,1,2,2,3,3,3,5,2,2,64,-4.8721e-05
3,1,3,3,2,2,3,5,3,3,2,2,64,-4.8721e-05
2,3,3,1,2,2,3,5,3,3,2,2,64,-4.8721e-05
3,1,3,3,2,2,3,3,3,5,2,2,66,-1.35763e-06
3,3,3,1,2,2,3,3,3,5,2,2,66,-1.35763e-06
3,1,3,3,2,2,3,5,3,3,2,2,66,-1.35763e-06
2,3,3,1,2,2,3,5,3,3,2,2,66,-1.35763e-06
3,1,3,3,2,2,3,3,3,5,2,2,68,-1.20231e-08
3,3,3,1,2,2,3,3,3,5,2,2,68,-1.20231e-08
3,1,3,3,2,2,3,5,3,3,2,2,68,-1.20231e-08
2,3,3,1,2,2,3,5,3,3,2,2,68,-1.20231e-08
3,1,3,3,4,2,3,3,3,5,4,2,58,-0.00371107
3,3,3,1,4,2,3,3,3,5,4,2,58,0.00371107
3,1,3,3,4,2,3,5,3,3,4,2,58,0.00371107
2,3,3,1,4,2,3,5,3,3,4,2,58,-0.00371107
3,1,3,3,4,2,3,3,3,5,4,2,60,-0.00609963
3,3,3,1,4,2,3,3,3,5,4,2,60,0.00609963
3,1,3,3,4,2,3,5,3,3,4,2,60,0.00609963
2,3,3,1,4,2,3,5,3,3,4,2,60,-0.00609963
3,1,3,3,4,2,3,3,3,5,4,2,62,-0.00244186
3,3,3,1,4,2,3,3,3,5,4,2,62,0.00244186
3,1,3,3,4,2,3,5,3,3,4,2,62,0.00244186
2,3,3,1,4,2,3,5,3,3,4,2,62,-0.00244186
3,1,3,3,4,2,3,3,3,5,4,2,64,-0.000222765
3,3,3,1,4,2,3,3,3,5,4,2,64,0.000222765
3,1,3,3,4,2,3,5,3,3,4,2,64,0.000222765
2,3,3,1,4,2,3,5,3,3,4,2,64,-0.000222765
3,1,3,3,4,2,3,3,3,5,4,2,66,-6.51378e-06
3,3,3,1,4,2,3,3,3,5,4,2,66,6.51378e-06
3,1,3,3,4,2,3,5,3,3,4,2,66,6.51378e-06
2,3,3,1,4,2,3,5,3,3,4,2,66,-6.51378e-06
3,1,3,3,4,2,3,3,3,5,4,2,68,-5.79474e-08
3,3,3,1,4,2,3,3,3,5,4,2,68,5.79474e-08
3,1,3,3,4,2,3,5,3,3,4,2,68,5.79474e-08
2,3,3,1,4,2,3,5,3,3,4,2,68,-5.79474e-08
3,1,3,3,4,2,3,3,3,3,4,2,58,-0.00559041
3,3,3,1,4,2,3,3,3,3,4,2,58,0.00559041
3,1,3,3,4,2,3,3,3,3,4,2,60,-0.0136813
3,3,3,1,4,2,3,3,3,3,4,2,60,0.0136813
3,1,3,3,4,2,3,3,3,3,4,2,62,-0.00616734
3,3,3,1,4,2,3,3,3,3,4,2,62,0.00616734
3,1,3,3,4,2,3,3,3,3,4,2,64,-0.000580087
3,3,3,1,4,2,3,3,3,3,4,2,64,0.000580087
3,1,3,3,4,2,3,3,3,3,4,2,66,-1.6703e-05
3,3,3,1,4,2,3,3,3,3,4,2,66,1.6703e-05
3,1,3,3,4,2,3,3,3,3,4,2,68,-1.381e-07
3,3,3,1,4,2,3,3,3,3,4,2,68,1.381e-07
3,1,3,3,4,2,3,1,3,5,4,2,58,-0.0117701
3,3,3,1,4,2,3,1,3,5,4,2,58,0.0117701
3,1,3,3,4,2,3,5,3,1,4,2,58,-0.0117701
2,3,3,1,4,2,3,5,3,1,4,2,58,0.0117701
3,1,3,3,4,2,3,1,3,5,4,2,60,-0.0105779
3,3,3,1,4,2,3,1,3,5,4,2,60,0.0105779
3,1,3,3,4,2,3,5,3,1,4,2,60,-0.0105779
2,3,3,1,4,2,3,5,3,1,4,2,60,0.0105779
3,1,3,3,4,2,3,1,3,5,4,2,62,-0.00299224
3,3,3,1,4,2,3,1,3,5,4,2,62,0.00299224
3,1,3,3,4,2,3,5,3,1,4,2,62,-0.00299224
2,3,3,1,4,2,3,5,3,1,4,2,62,0.00299224
3,1,3,3,4,2,3,1,3,5,4,2,64,-0.000257917
3,3,3,1,4,2,3,1,3,5,4,2,64,0.000257917
3,1,3,3,4,2,3,5,3,1,4,2,64,-0.000257917
2,3,3,1,4,2,3,5,3,1,4,2,64,0.000257917
3,1,3,3,4,2,3,1,3,5,4,2,66,-8.06643e-06
3,3,3,1,4,2,3,1,3,5,4,2,66,8.06643e-06
3,1,3,3,4,2,3,5,3,1,4,2,66,-8.06643e-06
2,3,3,1,4,2,3,5,3,1,4,2,66,8.06643e-06
3,1,3,3,4,2,3,1,3,5,4,2,68,-8.28564e-08
3,3,3,1,4,2,3,1,3,5,4,2,68,8.28564e-08
3,1,3,3,4,2,3,5,3,1,4,2,68,-8.28564e-08
2,3,3,1,4,2,3,5,3,1,4,2,68,8.28564e-08
3,1,3,3,2,2,3,1,3,3,2,2,58,0.000330759
3,3,3,1,2,2,3,1,3,3,2,2,58,0.000330759
3,1,3,3,2,2,3,3,3,1,2,2,58,0.000330759
2,3,3,1,2,2,3,3,3,1,2,2,58,0.000330759
3,1,3,3,2,2,3,1,3,3,2,2,60,0.00109615
3,3,3,1,2,2,3,1,3,3,2,2,60,0.00109615
3,1,3,3,2,2,3,3,3,1,2,2,60,0.00109615
2,3,3,1,2,2,3,3,3,1,2,2,60,0.00109615
3,1,3,3,2,2,3,1,3,3,2,2,62,0.000433554
3,3,3,1,2,2,3,1,3,3,2,2,62,0.000433554
3,1,3,3,2,2,3,3,3,1,2,2,62,0.000433554
2,3,3,1,2,2,3,3,3,1,2,2,62,0.000433554
3,1,3,3,2,2,3,1,3,3,2,2,64,3.69126e-05
3,3,3,1,2,2,3,1,3,3,2,2,64,3.69126e-05
3,1,3,3,2,2,3,3,3,1,2,2,64,3.69126e-05
2,3,3,1,2,2,3,3,3,1,2,2,64,3.69126e-05
3,1,3,3,2,2,3,1,3,3,2,2,66,8.88804e-07
3,3,3,1,2,2,3,1,3,3,2,2,66,8.88804e-07
3,1,3,3,2,2,3,3,3,1,2,2,66,8.88804e-07
2,3,3,1,2,2,3,3,3,1,2,2,66,8.88804e-07
3,1,3,3,2,2,3,1,3,3,2,2,68,4.65839e-09
3,3,3,1,2,2,3,1,3,3,2,2,68,4.65839e-09
3,1,3,3,2,2,3,3,3,1,2,2,68,4.65839e-09
2,3,3,1,2,2,3,3,3,1,2,2,68,4.65839e-09
3,1,3,3,4,2,3,1,3,3,4,2,58,0.00773999
3,3,3,1,4,2,3,1,3,3,4,2,58,-0.00773999
3,1,3,3,4,2,3,3,3,1,4,2,58,-0.00773999
2,3,3,1,4,2,3,3,3,1,4,2,58,0.00773999
3,1,3,3,4,2,3,1,3,3,4,2,60,0.0130041
3,3,3,1,4,2,3,1,3,3,4,2,60,-0.0130041
3,1,3,3,4,2,3,3,3,1,4,2,60,-0.0130041
2,3,3,1,4,2,3,3,3,1,4,2,60,0.0130041
3,1,3,3,4,2,3,1,3,3,4,2,62,0.00426885
3,3,3,1,4,2,3,1,3,3,4,2,62,-0.00426885
3,1,3,3,4,2,3,3,3,1,4,2,62,-0.00426885
2,3,3,1,4,2,3,3,3,1,4,2,62,0.00426885
3,1,3,3,4,2,3,1,3,3,4,2,64,0.00037063
3,3,3,1,4,2,3,1,3,3,4,2,64,-0.00037063
3,1,3,3,4,2,3,3,3,1,4,2,64,-0.00037063
2,3,3,1,4,2,3,3,3,1,4,2,64,0.00037063
3,1,3,3,4,2,3,1,3,3,4,2,66,1.05199e-05
3,3,3,1,4,2,3,1,3,3,4,2,66,-1.05199e-05
3,1,3,3,4,2,3,3,3,1,4,2,66,-1.05199e-05
2,3,3,1,4,2,3,3,3,1,4,2,66,1.05199e-05
3,1,3,3,4,2,3,1,3,3,4,2,68,8.78977e-08
3,3,3,1,4,2,3,1,3,3,4,2,68,-8.78977e-08
3,1,3,3,4,2,3,3,3,1,4,2,68,-8.78977e-08
2,3,3,1,4,2,3,3,3,1,4,2,68,8.78977e-08
3,1,3,1,0,2,4,9,4,9,0,2,56,0.0336974
3,1,3,1,0,2,4,9,4,9,0,2,58,0.309217
3,1,3,1,0,2,4,9,4,9,0,2,60,0.189983
3,1,3,1,0,2,4,9,4,9,0,2,62,0.0318482
3,1,3,1,0,2,4,9,4,9,0,2,64,0.00154414
3,1,3,1,0,2,4,9,4,9,0,2,66,2.30084e-05
3,1,3,1,0,2,3,5,3,5,0,2,58,-0.100473
3,1,3,1,0,2,3,5,3,5,0,2,60,-0.190784
3,1,3,1,0,2,3,5,3,5,0,2,62,-0.0716837
3,1,3,1,0,2,3,5,3,5,0,2,64,-0.00748496
3,1,3,1,0,2,3,5,3,5,0,2,66,-0.000258326
3,1,3,1,0,2,3,5,3,5,0,2,68,-3.03282e-06
3,1,3,1,0,2,3,3,3,3,0,2,58,-0.0340045
3,1,3,1,0,2,3,3,3,3,0,2,60,-0.097663
3,1,3,1,0,2,3,3,3,3,0,2,62,-0.0452627
3,1,3,1,0,2,3,3,3,3,0,2,64,-0.00529877
3,1,3,1,0,2,3,3,3,3,0,2,66,-0.000194604
3,1,3,1,0,2,3,3,3,3,0,2,68,-2.31631e-06
3,1,3,1,0,2,3,1,3,1,0,2,58,-0.0759706
3,1,3,1,0,2,3,1,3,1,0,2,60,-0.112393
3,1,3,1,0,2,3,1,3,1,0,2,62,-0.0376427
3,1,3,1,0,2,3,1,3,1,0,2,64,-0.00370186
3,1,3,1,0,2,3,1,3,1,0,2,66,-0.000129246
3,1,3,1,0,2,3,1,3,1,0,2,68,-1.51593e-06
